book	chapter	verse	wlc	lxx	vulg	clem	tr	kjv
1Cor	1	1			Paulus vocatus apostolus Christi Iesu per voluntatem Dei et Sosthenes frater	Paulus vocatus Apostolus Jesu Christi per voluntatem Dei, et Sosthenes frater,	παυλος κλητος αποστολος ιησου χριστου δια θεληματος θεου και σωσθενης ο αδελφος 	Paul called to be an apostle of Jesus Christ through the will of God, and Sosthenes our brother,
1Cor	1	2			ecclesiae Dei quae est Corinthi sanctificatis in Christo Iesu vocatis sanctis cum omnibus qui invocant nomen Domini nostri Iesu Christi in omni loco ipsorum et nostro	ecclesi Dei, qu est Corinthi, sanctificatis in Christo Jesu, vocatis sanctis, cum omnibus qui invocant nomen Domini nostri Jesu Christi, in omni loco ipsorum et nostro.	τη εκκλησια του θεου τη ουση εν κορινθω ηγιασμενοις εν χριστω ιησου κλητοις αγιοις συν πασιν τοις επικαλουμενοις το ονομα του κυριου ημων ιησου χριστου εν παντι τοπω αυτων τε και ημων 	Unto the church of God which is at Corinth, to them that are sanctified in Christ Jesus, called to be saints, with all that in every place call upon the name of Jesus Christ our Lord, both their's and our's:
1Cor	1	3			gratia vobis et pax a Deo Patre nostro et Domino Iesu Christo	Gratia vobis, et pax a Deo Patre nostro, et Domino Jesu Christo.	χαρις υμιν και ειρηνη απο θεου πατρος ημων και κυριου ιησου χριστου 	Grace be unto you, and peace, from God our Father, and from the Lord Jesus Christ.
1Cor	1	4			gratias ago Deo meo semper pro vobis in gratia Dei quae data est vobis in Christo Iesu	Gratias ago Deo meo semper pro vobis in gratia Dei, qu data est vobis in Christo Jesu:	ευχαριστω τω θεω μου παντοτε περι υμων επι τη χαριτι του θεου τη δοθειση υμιν εν χριστω ιησου 	I thank my God always on your behalf, for the grace of God which is given you by Jesus Christ;
1Cor	1	5			quia in omnibus divites facti estis in illo in omni verbo et in omni scientia	quod in omnibus divites facti estis in illo, in omni verbo, et in omni scientia.	οτι εν παντι επλουτισθητε εν αυτω εν παντι λογω και παση γνωσει 	That in every thing ye are enriched by him, in all utterance, and in all knowledge;
1Cor	1	6			sicut testimonium Christi confirmatum est in vobis	Sicut testimonium Christi confirmatum est in vobis:	καθως το μαρτυριον του χριστου εβεβαιωθη εν υμιν 	Even as the testimony of Christ was confirmed in you:
1Cor	1	7			ita ut nihil vobis desit in ulla gratia expectantibus revelationem Domini nostri Iesu Christi	ita ut nihil vobis desit in ulla gratia, exspectantibus revelationem Domini nostri Jesu Christi,	ωστε υμας μη υστερεισθαι εν μηδενι χαρισματι απεκδεχομενους την αποκαλυψιν του κυριου ημων ιησου χριστου 	So that ye come behind in no gift; waiting for the coming of our Lord Jesus Christ:
1Cor	1	8			qui et confirmabit vos usque ad finem sine crimine in die adventus Domini nostri Iesu Christi	qui et confirmabit vos usque in finem sine crimine, in die adventus Domini nostri Jesu Christi.	ος και βεβαιωσει υμας εως τελους ανεγκλητους εν τη ημερα του κυριου ημων ιησου χριστου 	Who shall also confirm you unto the end, that ye may be blameless in the day of our Lord Jesus Christ.
1Cor	1	9			fidelis Deus per quem vocati estis in societatem Filii eius Iesu Christi Domini nostri	Fidelis Deus: per quem vocati estis in societatem filii ejus Jesu Christi Domini nostri.	πιστος ο θεος δι ου εκληθητε εις κοινωνιαν του υιου αυτου ιησου χριστου του κυριου ημων 	God is faithful, by whom ye were called unto the fellowship of his Son Jesus Christ our Lord.
1Cor	1	10			obsecro autem vos fratres per nomen Domini nostri Iesu Christi ut id ipsum dicatis omnes et non sint in vobis scismata sitis autem perfecti in eodem sensu et in eadem sententia	Obsecro autem vos fratres per nomen Domini nostri Jesu Christi: ut idipsum dicatis omnes, et non sint in vobis schismata: sitis autem perfecti in eodem sensu, et in eadem sententia.	παρακαλω δε υμας αδελφοι δια του ονοματος του κυριου ημων ιησου χριστου ινα το αυτο λεγητε παντες και μη η εν υμιν σχισματα ητε δε κατηρτισμενοι εν τω αυτω νοι και εν τη αυτη γνωμη 	Now I beseech you, brethren, by the name of our Lord Jesus Christ, that ye all speak the same thing, and that there be no divisions among you; but that ye be perfectly joined together in the same mind and in the same judgment.
1Cor	1	11			significatum est enim mihi de vobis fratres mei ab his qui sunt Chloes quia contentiones inter vos sunt	Significatum est enim mihi de vobis fratres mei ab iis, qui sunt Chlos, quia contentiones sunt inter vos.	εδηλωθη γαρ μοι περι υμων αδελφοι μου υπο των χλοης οτι εριδες εν υμιν εισιν 	For it hath been declared unto me of you, my brethren, by them which are of the house of Chloe, that there are contentions among you.
1Cor	1	12			hoc autem dico quod unusquisque vestrum dicit ego quidem sum Pauli ego autem Apollo ego vero Cephae ego autem Christi	Hoc autem dico, quod unusquisque vestrum dicit: Ego quidem sum Pauli: ego autem Apollo: ego vero Ceph: ego autem Christi.	λεγω δε τουτο οτι εκαστος υμων λεγει εγω μεν ειμι παυλου εγω δε απολλω εγω δε κηφα εγω δε χριστου 	Now this I say, that every one of you saith, I am of Paul; and I of Apollos; and I of Cephas; and I of Christ.
1Cor	1	13			divisus est Christus numquid Paulus crucifixus est pro vobis aut in nomine Pauli baptizati estis	Divisus est Christus? numquid Paulus crucifixus est pro vobis? aut in nomine Pauli baptizati estis?	μεμερισται ο χριστος μη παυλος εσταυρωθη υπερ υμων η εις το ονομα παυλου εβαπτισθητε 	Is Christ divided? was Paul crucified for you? or were ye baptized in the name of Paul?
1Cor	1	14			gratias ago Deo quod neminem vestrum baptizavi nisi Crispum et Gaium	Gratias ago Deo, quod neminem vestrum baptizavi, nisi Crispum et Caium:	ευχαριστω τω θεω οτι ουδενα υμων εβαπτισα ει μη κρισπον και γαιον 	I thank God that I baptized none of you, but Crispus and Gaius;
1Cor	1	15			ne quis dicat quod in nomine meo baptizati sitis	ne quis dicat quod in nomine meo baptizati estis.	ινα μη τις ειπη οτι εις το εμον ονομα εβαπτισα 	Lest any should say that I had baptized in mine own name.
1Cor	1	16			baptizavi autem et Stephanae domum ceterum nescio si quem alium baptizaverim	Baptizavi autem et Stephan domum: ceterum nescio si quem alium baptizaverim.	εβαπτισα δε και τον στεφανα οικον λοιπον ουκ οιδα ει τινα αλλον εβαπτισα 	And I baptized also the household of Stephanas: besides, I know not whether I baptized any other.
1Cor	1	17			non enim misit me Christus baptizare sed evangelizare non in sapientia verbi ut non evacuetur crux Christi	Non enim misit me Christus baptizare, sed evangelizare: non in sapientia verbi, ut non evacuetur crux Christi.	ου γαρ απεστειλεν με χριστος βαπτιζειν αλλ ευαγγελιζεσθαι ουκ εν σοφια λογου ινα μη κενωθη ο σταυρος του χριστου 	For Christ sent me not to baptize, but to preach the gospel: not with wisdom of words, lest the cross of Christ should be made of none effect.
1Cor	1	18			verbum enim crucis pereuntibus quidem stultitia est his autem qui salvi fiunt id est nobis virtus Dei est	Verbum enim crucis pereuntibus quidem stultitia est: iis autem qui salvi fiunt, id est nobis, Dei virtus est.	ο λογος γαρ ο του σταυρου τοις μεν απολλυμενοις μωρια εστιν τοις δε σωζομενοις ημιν δυναμις θεου εστιν 	For the preaching of the cross is to them that perish foolishness; but unto us which are saved it is the power of God.
1Cor	1	19			scriptum est enim perdam sapientiam sapientium et prudentiam prudentium reprobabo	Scriptum est enim: Perdam sapientiam sapientium, et prudentiam prudentium reprobabo.	γεγραπται γαρ απολω την σοφιαν των σοφων και την συνεσιν των συνετων αθετησω 	For it is written, I will destroy the wisdom of the wise, and will bring to nothing the understanding of the prudent.
1Cor	1	20			ubi sapiens ubi scriba ubi conquisitor huius saeculi nonne stultam fecit Deus sapientiam huius mundi	Ubi sapiens? ubi scriba? ubi conquisitor hujus sculi? Nonne stultam fecit Deus sapientiam hujus mundi?	που σοφος που γραμματευς που συζητητης του αιωνος τουτου ουχι εμωρανεν ο θεος την σοφιαν του κοσμου τουτου 	Where is the wise? where is the scribe? where is the disputer of this world? hath not God made foolish the wisdom of this world?
1Cor	1	21			nam quia in Dei sapientia non cognovit mundus per sapientiam Deum placuit Deo per stultitiam praedicationis salvos facere credentes	Nam quia in Dei sapientia non cognovit mundus per sapientiam Deum: placuit Deo per stultitiam prdicationis salvos facere credentes.	επειδη γαρ εν τη σοφια του θεου ουκ εγνω ο κοσμος δια της σοφιας τον θεον ευδοκησεν ο θεος δια της μωριας του κηρυγματος σωσαι τους πιστευοντας 	For after that in the wisdom of God the world by wisdom knew not God, it pleased God by the foolishness of preaching to save them that believe.
1Cor	1	22			quoniam et Iudaei signa petunt et Graeci sapientiam quaerunt	Quoniam et Judi signa petunt, et Grci sapientiam qurunt:	επειδη και ιουδαιοι σημειον αιτουσιν και ελληνες σοφιαν ζητουσιν 	For the Jews require a sign, and the Greeks seek after wisdom:
1Cor	1	23			nos autem praedicamus Christum crucifixum Iudaeis quidem scandalum gentibus autem stultitiam	nos autem prdicamus Christum crucifixum: Judis quidem scandalum, gentibus autem stultitiam,	ημεις δε κηρυσσομεν χριστον εσταυρωμενον ιουδαιοις μεν σκανδαλον ελλησιν δε μωριαν 	But we preach Christ crucified, unto the Jews a stumblingblock, and unto the Greeks foolishness;
1Cor	1	24			ipsis autem vocatis Iudaeis atque Graecis Christum Dei virtutem et Dei sapientiam	ipsis autem vocatis Judis, atque Grcis Christum Dei virtutem, et Dei sapientia:	αυτοις δε τοις κλητοις ιουδαιοις τε και ελλησιν χριστον θεου δυναμιν και θεου σοφιαν 	But unto them which are called, both Jews and Greeks, Christ the power of God, and the wisdom of God.
1Cor	1	25			quia quod stultum est Dei sapientius est hominibus et quod infirmum est Dei fortius est hominibus	quia quod stultum est Dei, sapientius est hominibus: et quod infirmum est Dei, fortius est hominibus.	οτι το μωρον του θεου σοφωτερον των ανθρωπων εστιν και το ασθενες του θεου ισχυροτερον των ανθρωπων εστιν 	Because the foolishness of God is wiser than men; and the weakness of God is stronger than men.
1Cor	1	26			videte enim vocationem vestram fratres quia non multi sapientes secundum carnem non multi potentes non multi nobiles	Videte enim vocationem vestram, fratres, quia non multi sapientes secundum carnem, non multi potentes, non multi nobiles:	βλεπετε γαρ την κλησιν υμων αδελφοι οτι ου πολλοι σοφοι κατα σαρκα ου πολλοι δυνατοι ου πολλοι ευγενεις 	For ye see your calling, brethren, how that not many wise men after the flesh, not many mighty, not many noble, are called:
1Cor	1	27			sed quae stulta sunt mundi elegit Deus ut confundat sapientes et infirma mundi elegit Deus ut confundat fortia	sed qu stulta sunt mundi elegit Deus, ut confundat sapientes: et infirma mundi elegit Deus, ut confundat fortia:	αλλα τα μωρα του κοσμου εξελεξατο ο θεος ινα τους σοφους καταισχυνη και τα ασθενη του κοσμου εξελεξατο ο θεος ινα καταισχυνη τα ισχυρα 	But God hath chosen the foolish things of the world to confound the wise; and God hath chosen the weak things of the world to confound the things which are mighty;
1Cor	1	28			et ignobilia mundi et contemptibilia elegit Deus et quae non sunt ut ea quae sunt destrueret	et ignobilia mundi, et contemptibilia elegit Deus, et ea qu non sunt, ut ea qu sunt destrueret:	και τα αγενη του κοσμου και τα εξουθενημενα εξελεξατο ο θεος και τα μη οντα ινα τα οντα καταργηση 	And base things of the world, and things which are despised, hath God chosen, yea, and things which are not, to bring to nought things that are:
1Cor	1	29			ut non glorietur omnis caro in conspectu eius	ut non glorietur omnis caro in conspectu ejus.	οπως μη καυχησηται πασα σαρξ ενωπιον αυτου 	That no flesh should glory in his presence.
1Cor	1	30			ex ipso autem vos estis in Christo Iesu qui factus est sapientia nobis a Deo et iustitia et sanctificatio et redemptio	Ex ipso autem vos estis in Christo Jesu, qui factus est nobis sapientia a Deo, et justitia, et sanctificatio, et redemptio:	εξ αυτου δε υμεις εστε εν χριστω ιησου ος εγενηθη ημιν σοφια απο θεου δικαιοσυνη τε και αγιασμος και απολυτρωσις 	But of him are ye in Christ Jesus, who of God is made unto us wisdom, and righteousness, and sanctification, and redemption:
1Cor	1	31			ut quemadmodum scriptum est qui gloriatur in Domino glorietur	ut quemadmodum scriptum est: Qui gloriatur, in Domino glorietur.	ινα καθως γεγραπται ο καυχωμενος εν κυριω καυχασθω   	That, according as it is written, He that glorieth, let him glory in the Lord.
1Cor	2	1			et ego cum venissem ad vos fratres veni non per sublimitatem sermonis aut sapientiae adnuntians vobis testimonium Christi	Et ego, cum venissem ad vos, fratres, veni non in sublimitate sermonis, aut sapienti, annuntians vobis testimonium Christi.	καγω ελθων προς υμας αδελφοι ηλθον ου καθ υπεροχην λογου η σοφιας καταγγελλων υμιν το μαρτυριον του θεου 	And I, brethren, when I came to you, came not with excellency of speech or of wisdom, declaring unto you the testimony of God.
1Cor	2	2			non enim iudicavi scire me aliquid inter vos nisi Iesum Christum et hunc crucifixum	Non enim judicavi me scire aliquid inter vos, nisi Jesum Christum, et hunc crucifixum.	ου γαρ εκρινα του ειδεναι τι εν υμιν ει μη ιησουν χριστον και τουτον εσταυρωμενον 	For I determined not to know any thing among you, save Jesus Christ, and him crucified.
1Cor	2	3			et ego in infirmitate et timore et tremore multo fui apud vos	Et ego in infirmitate, et timore, et tremore multo fui apud vos:	και εγω εν ασθενεια και εν φοβω και εν τρομω πολλω εγενομην προς υμας 	And I was with you in weakness, and in fear, and in much trembling.
1Cor	2	4			et sermo meus et praedicatio mea non in persuasibilibus sapientiae verbis sed in ostensione Spiritus et virtutis	et sermo meus, et prdicatio mea non in persuasibilibus human sapienti verbis, sed in ostensione spiritus et virtutis:	και ο λογος μου και το κηρυγμα μου ουκ εν πειθοις ανθρωπινης σοφιας λογοις αλλ εν αποδειξει πνευματος και δυναμεως 	And my speech and my preaching was not with enticing words of man's wisdom, but in demonstration of the Spirit and of power:
1Cor	2	5			ut fides vestra non sit in sapientia hominum sed in virtute Dei	ut fides vestra non sit in sapientia hominum, sed in virtute Dei.	ινα η πιστις υμων μη η εν σοφια ανθρωπων αλλ εν δυναμει θεου 	That your faith should not stand in the wisdom of men, but in the power of God.
1Cor	2	6			sapientiam autem loquimur inter perfectos sapientiam vero non huius saeculi neque principum huius saeculi qui destruuntur	Sapientiam autem loquimur inter perfectos: sapientiam vero non hujus sculi, neque principum hujus sculi, qui destruuntur:	σοφιαν δε λαλουμεν εν τοις τελειοις σοφιαν δε ου του αιωνος τουτου ουδε των αρχοντων του αιωνος τουτου των καταργουμενων 	Howbeit we speak wisdom among them that are perfect: yet not the wisdom of this world, nor of the princes of this world, that come to nought:
1Cor	2	7			sed loquimur Dei sapientiam in mysterio quae abscondita est quam praedestinavit Deus ante saecula in gloriam nostram	sed loquimur Dei sapientiam in mysterio, qu abscondita est, quam prdestinavit Deus ante scula in gloriam nostram,	αλλα λαλουμεν σοφιαν θεου εν μυστηριω την αποκεκρυμμενην ην προωρισεν ο θεος προ των αιωνων εις δοξαν ημων 	But we speak the wisdom of God in a mystery, even the hidden wisdom, which God ordained before the world unto our glory:
1Cor	2	8			quam nemo principum huius saeculi cognovit si enim cognovissent numquam Dominum gloriae crucifixissent	quam nemo principum hujus sculi cognovit: si enim cognovissent, numquam Dominum glori crucifixissent.	ην ουδεις των αρχοντων του αιωνος τουτου εγνωκεν ει γαρ εγνωσαν ουκ αν τον κυριον της δοξης εσταυρωσαν 	Which none of the princes of this world knew: for had they known it, they would not have crucified the Lord of glory.
1Cor	2	9			sed sicut scriptum est quod oculus non vidit nec auris audivit nec in cor hominis ascendit quae praeparavit Deus his qui diligunt illum	Sed sicut scriptum est: Quod oculus non vidit, nec auris audivit, nec in cor hominis ascendit, qu prparavit Deus iis qui diligunt illum:	αλλα καθως γεγραπται α οφθαλμος ουκ ειδεν και ους ουκ ηκουσεν και επι καρδιαν ανθρωπου ουκ ανεβη α ητοιμασεν ο θεος τοις αγαπωσιν αυτον 	But as it is written, Eye hath not seen, nor ear heard, neither have entered into the heart of man, the things which God hath prepared for them that love him.
1Cor	2	10			nobis autem revelavit Deus per Spiritum suum Spiritus enim omnia scrutatur etiam profunda Dei	nobis autem revelavit Deus per Spiritum suum: Spiritus enim omnia scrutatur, etiam profunda Dei.	ημιν δε ο θεος απεκαλυψεν δια του πνευματος αυτου το γαρ πνευμα παντα ερευνα και τα βαθη του θεου 	But God hath revealed them unto us by his Spirit: for the Spirit searcheth all things, yea, the deep things of God.
1Cor	2	11			quis enim scit hominum quae sint hominis nisi spiritus hominis qui in ipso est ita et quae Dei sunt nemo cognovit nisi Spiritus Dei	Quis enim hominum scit qu sunt hominis, nisi spiritus hominis, qui in ipso est? ita et qu Dei sunt, nemo cognovit, nisi Spiritus Dei.	τις γαρ οιδεν ανθρωπων τα του ανθρωπου ει μη το πνευμα του ανθρωπου το εν αυτω ουτως και τα του θεου ουδεις οιδεν ει μη το πνευμα του θεου 	For what man knoweth the things of a man, save the spirit of man which is in him? even so the things of God knoweth no man, but the Spirit of God.
1Cor	2	12			nos autem non spiritum mundi accepimus sed Spiritum qui ex Deo est ut sciamus quae a Deo donata sunt nobis	Nos autem non spiritum hujus mundi accepimus, sed Spiritum qui ex Deo est, ut sciamus qu a Deo donata sunt nobis:	ημεις δε ου το πνευμα του κοσμου ελαβομεν αλλα το πνευμα το εκ του θεου ινα ειδωμεν τα υπο του θεου χαρισθεντα ημιν 	Now we have received, not the spirit of the world, but the spirit which is of God; that we might know the things that are freely given to us of God.
1Cor	2	13			quae et loquimur non in doctis humanae sapientiae verbis sed in doctrina Spiritus spiritalibus spiritalia conparantes	qu et loquimur non in doctis human sapienti verbis, sed in doctrina Spiritus, spiritualibus spiritualia comparantes.	α και λαλουμεν ουκ εν διδακτοις ανθρωπινης σοφιας λογοις αλλ εν διδακτοις πνευματος αγιου πνευματικοις  πνευματικα συγκρινοντες 	Which things also we speak, not in the words which man's wisdom teacheth, but which the Holy Ghost teacheth; comparing spiritual things with spiritual.
1Cor	2	14			animalis autem homo non percipit ea quae sunt Spiritus Dei stultitia est enim illi et non potest intellegere quia spiritaliter examinatur	Animalis autem homo non percipit ea qu sunt Spiritus Dei: stultitia enim est illi, et non potest intelligere: quia spiritualiter examinatur.	ψυχικος δε ανθρωπος ου δεχεται τα του πνευματος του θεου μωρια γαρ αυτω εστιν και ου δυναται γνωναι οτι πνευματικως ανακρινεται 	But the natural man receiveth not the things of the Spirit of God: for they are foolishness unto him: neither can he know them, because they are spiritually discerned.
1Cor	2	15			spiritalis autem iudicat omnia et ipse a nemine iudicatur	Spiritualis autem judicat omnia: et ipse a nemine judicatur.	ο δε πνευματικος ανακρινει μεν παντα αυτος δε υπ ουδενος ανακρινεται 	But he that is spiritual judgeth all things, yet he himself is judged of no man.
1Cor	2	16			quis enim cognovit sensum Domini qui instruat eum nos autem sensum Christi habemus	Quis enim cognovit sensum Domini, qui instruat eum? nos autem sensum Christi habemus.	τις γαρ εγνω νουν κυριου ος συμβιβασει αυτον ημεις δε νουν χριστου εχομεν   	For who hath known the mind of the Lord, that he may instruct him? but we have the mind of Christ.
1Cor	3	1			et ego fratres non potui vobis loqui quasi spiritalibus sed quasi carnalibus tamquam parvulis in Christo	Et ego, fratres, non potui vobis loqui quasi spiritualibus, sed quasi carnalibus. Tamquam parvulis in Christo,	και εγω αδελφοι ουκ ηδυνηθην λαλησαι υμιν ως πνευματικοις αλλ ως σαρκικοις ως νηπιοις εν χριστω 	And I, brethren, could not speak unto you as unto spiritual, but as unto carnal, even as unto babes in Christ.
1Cor	3	2			lac vobis potum dedi non escam nondum enim poteratis sed ne nunc quidem potestis adhuc enim estis carnales	lac vobis potum dedi, non escam: nondum enim poteratis: sed nec nunc quidem potestis: adhuc enim carnales estis.	γαλα υμας εποτισα και ου βρωμα ουπω γαρ ηδυνασθε αλλ ουτε ετι νυν δυνασθε 	I have fed you with milk, and not with meat: for hitherto ye were not able to bear it, neither yet now are ye able.
1Cor	3	3			cum enim sit inter vos zelus et contentio nonne carnales estis et secundum hominem ambulatis	Cum enim sit inter vos zelus, et contentio: nonne carnales estis, et secundum hominem ambulatis?	ετι γαρ σαρκικοι εστε οπου γαρ εν υμιν ζηλος και ερις και διχοστασιαι ουχι σαρκικοι εστε και κατα ανθρωπον περιπατειτε 	For ye are yet carnal: for whereas there is among you envying, and strife, and divisions, are ye not carnal, and walk as men?
1Cor	3	4			cum enim quis dicit ego quidem sum Pauli alius autem ego Apollo nonne homines estis quid igitur est Apollo quid vero Paulus	Cum enim quis dicat: Ego quidem sum Pauli; alius autem: Ego Apollo: nonne homines estis? Quid igitur est Apollo? quid vero Paulus?	οταν γαρ λεγη τις εγω μεν ειμι παυλου ετερος δε εγω απολλω ουχι σαρκικοι εστε 	For while one saith, I am of Paul; and another, I am of Apollos; are ye not carnal?
1Cor	3	5			ministri eius cui credidistis et unicuique sicut Dominus dedit	ministri ejus, cui credidistis, ut unicuique sicut Dominus dedit.	τις ουν εστιν παυλος τις δε απολλως αλλ η διακονοι δι ων επιστευσατε και εκαστω ως ο κυριος εδωκεν 	Who then is Paul, and who is Apollos, but ministers by whom ye believed, even as the Lord gave to every man?
1Cor	3	6			ego plantavi Apollo rigavit sed Deus incrementum dedit	Ego plantavi, Apollo rigavit: sed Deus incrementum dedit.	εγω εφυτευσα απολλως εποτισεν αλλ ο θεος ηυξανεν 	I have planted, Apollos watered; but God gave the increase.
1Cor	3	7			itaque neque qui plantat est aliquid neque qui rigat sed qui incrementum dat Deus	Itaque neque qui plantat est aliquid, neque qui rigat: sed qui incrementum dat, Deus.	ωστε ουτε ο φυτευων εστιν τι ουτε ο ποτιζων αλλ ο αυξανων θεος 	So then neither is he that planteth any thing, neither he that watereth; but God that giveth the increase.
1Cor	3	8			qui plantat autem et qui rigat unum sunt unusquisque autem propriam mercedem accipiet secundum suum laborem	Qui autem plantat, et qui rigat, unum sunt. Unusquisque autem propriam mercedem accipiet, secundum suum laborem.	ο φυτευων δε και ο ποτιζων εν εισιν εκαστος δε τον ιδιον μισθον ληψεται κατα τον ιδιον κοπον 	Now he that planteth and he that watereth are one: and every man shall receive his own reward according to his own labour.
1Cor	3	9			Dei enim sumus adiutores Dei agricultura estis Dei aedificatio estis	Dei enim sumus adjutores: Dei agricultura estis, Dei dificatio estis.	θεου γαρ εσμεν συνεργοι θεου γεωργιον θεου οικοδομη εστε 	For we are labourers together with God: ye are God's husbandry, ye are God's building.
1Cor	3	10			secundum gratiam Dei quae data est mihi ut sapiens architectus fundamentum posui alius autem superaedificat unusquisque autem videat quomodo superaedificet	Secundum gratiam Dei, qu data est mihi, ut sapiens architectus fundamentum posui: alius autem superdificat. Unusquisque autem videat quomodo superdificet.	κατα την χαριν του θεου την δοθεισαν μοι ως σοφος αρχιτεκτων θεμελιον τεθεικα αλλος δε εποικοδομει εκαστος δε βλεπετω πως εποικοδομει 	According to the grace of God which is given unto me, as a wise masterbuilder, I have laid the foundation, and another buildeth thereon. But let every man take heed how he buildeth thereupon.
1Cor	3	11			fundamentum enim aliud nemo potest ponere praeter id quod positum est qui est Christus Iesus	Fundamentum enim aliud nemo potest ponere prter id quod positum est, quod est Christus Jesus.	θεμελιον γαρ αλλον ουδεις δυναται θειναι παρα τον κειμενον ος εστιν ιησους ο χριστος 	For other foundation can no man lay than that is laid, which is Jesus Christ.
1Cor	3	12			si quis autem superaedificat supra fundamentum hoc aurum argentum lapides pretiosos ligna faenum stipulam	Si quis autem superdificat super fundamentum hoc, aurum, argentum, lapides pretiosos, ligna, fnum, stipulam,	ει δε τις εποικοδομει επι τον θεμελιον τουτον χρυσον αργυρον λιθους τιμιους ξυλα χορτον καλαμην 	Now if any man build upon this foundation gold, silver, precious stones, wood, hay, stubble;
1Cor	3	13			uniuscuiusque opus manifestum erit dies enim declarabit quia in igne revelabitur et uniuscuiusque opus quale sit ignis probabit	uniuscujusque opus manifestum erit: dies enim Domini declarabit, quia in igne revelabitur: et uniuscujusque opus quale sit, ignis probabit.	εκαστου το εργον φανερον γενησεται η γαρ ημερα δηλωσει οτι εν πυρι αποκαλυπτεται και εκαστου το εργον οποιον εστιν το πυρ δοκιμασει 	Every man's work shall be made manifest: for the day shall declare it, because it shall be revealed by fire; and the fire shall try every man's work of what sort it is.
1Cor	3	14			si cuius opus manserit quod superaedificavit mercedem accipiet	Si cujus opus manserit quod superdificavit, mercedem accipiet.	ει τινος το εργον μενει ο επωκοδομησεν μισθον ληψεται 	If any man's work abide which he hath built thereupon, he shall receive a reward.
1Cor	3	15			si cuius opus arserit detrimentum patietur ipse autem salvus erit sic tamen quasi per ignem	Si cujus opus arserit, detrimentum patietur: ipse autem salvus erit, sic tamen quasi per ignem.	ει τινος το εργον κατακαησεται ζημιωθησεται αυτος δε σωθησεται ουτως δε ως δια πυρος 	If any man's work shall be burned, he shall suffer loss: but he himself shall be saved; yet so as by fire.
1Cor	3	16			nescitis quia templum Dei estis et Spiritus Dei habitat in vobis	Nescitis quia templum Dei estis, et Spiritus Dei habitat in vobis?	ουκ οιδατε οτι ναος θεου εστε και το πνευμα του θεου οικει εν υμιν 	Know ye not that ye are the temple of God, and that the Spirit of God dwelleth in you?
1Cor	3	17			si quis autem templum Dei violaverit disperdet illum Deus templum enim Dei sanctum est quod estis vos	Si quis autem templum Dei violaverit, disperdet illum Deus. Templum enim Dei sanctum est, quod estis vos.	ει τις τον ναον του θεου φθειρει φθερει τουτον ο θεος ο γαρ ναος του θεου αγιος εστιν οιτινες εστε υμεις 	If any man defile the temple of God, him shall God destroy; for the temple of God is holy, which temple ye are.
1Cor	3	18			nemo se seducat si quis videtur inter vos sapiens esse in hoc saeculo stultus fiat ut sit sapiens	Nemo se seducat: si quis videtur inter vos sapiens esse in hoc sculo, stultus fiat ut sit sapiens.	μηδεις εαυτον εξαπατατω ει τις δοκει σοφος ειναι εν υμιν εν τω αιωνι τουτω μωρος γενεσθω ινα γενηται σοφος 	Let no man deceive himself. If any man among you seemeth to be wise in this world, let him become a fool, that he may be wise.
1Cor	3	19			sapientia enim huius mundi stultitia est apud Deum scriptum est enim conprehendam sapientes in astutia eorum	Sapientia enim hujus mundi, stultitia est apud Deum. Scriptum est enim: Comprehendam sapientes in astutia eorum.	η γαρ σοφια του κοσμου τουτου μωρια παρα τω θεω εστιν γεγραπται γαρ ο δρασσομενος τους σοφους εν τη πανουργια αυτων 	For the wisdom of this world is foolishness with God. For it is written, He taketh the wise in their own craftiness.
1Cor	3	20			et iterum Dominus novit cogitationes sapientium quoniam vanae sunt	Et iterum: Dominus novit cogitationes sapientium quoniam van sunt.	και παλιν κυριος γινωσκει τους διαλογισμους των σοφων οτι εισιν ματαιοι 	And again, The Lord knoweth the thoughts of the wise, that they are vain.
1Cor	3	21			itaque nemo glorietur in hominibus omnia enim vestra sunt	Nemo itaque glorietur in hominibus.	ωστε μηδεις καυχασθω εν ανθρωποις παντα γαρ υμων εστιν 	Therefore let no man glory in men. For all things are your's;
1Cor	3	22			sive Paulus sive Apollo sive Cephas sive mundus sive vita sive mors sive praesentia sive futura omnia enim vestra sunt	Omnia enim vestra sunt, sive Paulus, sive Apollo, sive Cephas, sive mundus, sive vita, sive mors, sive prsentia, sive futura: omnia enim vestra sunt:	ειτε παυλος ειτε απολλως ειτε κηφας ειτε κοσμος ειτε ζωη ειτε θανατος ειτε ενεστωτα ειτε μελλοντα παντα υμων εστιν 	Whether Paul, or Apollos, or Cephas, or the world, or life, or death, or things present, or things to come; all are your's;
1Cor	3	23			vos autem Christi Christus autem Dei	vos autem Christi: Christus autem Dei.	υμεις δε χριστου χριστος δε θεου   	And ye are Christ's; and Christ is God's.
1Cor	4	1			sic nos existimet homo ut ministros Christi et dispensatores mysteriorum Dei	Sic nos existimet homo ut ministros Christi, et dispensatores mysteriorum Dei.	ουτως ημας λογιζεσθω ανθρωπος ως υπηρετας χριστου και οικονομους μυστηριων θεου 	Let a man so account of us, as of the ministers of Christ, and stewards of the mysteries of God.
1Cor	4	2			hic iam quaeritur inter dispensatores ut fidelis quis inveniatur	Hic jam quritur inter dispensatores ut fidelis quis inveniatur.	ο δε λοιπον ζητειται εν τοις οικονομοις ινα πιστος τις ευρεθη 	Moreover it is required in stewards, that a man be found faithful.
1Cor	4	3			mihi autem pro minimo est ut a vobis iudicer aut ab humano die sed neque me ipsum iudico	Mihi autem pro minimo est ut a vobis judicer, aut ab humano die: sed neque meipsum judico.	εμοι δε εις ελαχιστον εστιν ινα υφ υμων ανακριθω η υπο ανθρωπινης ημερας αλλ ουδε εμαυτον ανακρινω 	But with me it is a very small thing that I should be judged of you, or of man's judgment: yea, I judge not mine own self.
1Cor	4	4			nihil enim mihi conscius sum sed non in hoc iustificatus sum qui autem iudicat me Dominus est	Nihil enim mihi conscius sum, sed non in hoc justificatus sum: qui autem judicat me, Dominus est.	ουδεν γαρ εμαυτω συνοιδα αλλ ουκ εν τουτω δεδικαιωμαι ο δε ανακρινων με κυριος εστιν 	For I know nothing by myself; yet am I not hereby justified: but he that judgeth me is the Lord.
1Cor	4	5			itaque nolite ante tempus iudicare quoadusque veniat Dominus qui et inluminabit abscondita tenebrarum et manifestabit consilia cordium et tunc laus erit unicuique a Deo	Itaque nolite ante tempus judicare, quoadusque veniat Dominus: qui et illuminabit abscondita tenebrarum, et manifestabit consilia cordium: et tunc laus erit unicuique a Deo.	ωστε μη προ καιρου τι κρινετε εως αν ελθη ο κυριος ος και φωτισει τα κρυπτα του σκοτους και φανερωσει τας βουλας των καρδιων και τοτε ο επαινος γενησεται εκαστω απο του θεου 	Therefore judge nothing before the time, until the Lord come, who both will bring to light the hidden things of darkness, and will make manifest the counsels of the hearts: and then shall every man have praise of God.
1Cor	4	6			haec autem fratres transfiguravi in me et Apollo propter vos ut in nobis discatis ne supra quam scriptum est unus adversus alterum infletur pro alio	Hc autem, fratres, transfiguravi in me et Apollo, propter vos: ut in nobis discatis, ne supra quam scriptum est, unus adversus alterum infletur pro alio.	ταυτα δε αδελφοι μετεσχηματισα εις εμαυτον και απολλω δι υμας ινα εν ημιν μαθητε το μη υπερ ο γεγραπται φρονειν ινα μη εις υπερ του ενος φυσιουσθε κατα του ετερου 	And these things, brethren, I have in a figure transferred to myself and to Apollos for your sakes; that ye might learn in us not to think of men above that which is written, that no one of you be puffed up for one against another.
1Cor	4	7			quis enim te discernit quid autem habes quod non accepisti si autem accepisti quid gloriaris quasi non acceperis	Quis enim te discernit? quid autem habes quod non accepisti? si autem accepisti, quid gloriaris quasi non acceperis?	τις γαρ σε διακρινει τι δε εχεις ο ουκ ελαβες ει δε και ελαβες τι καυχασαι ως μη λαβων 	For who maketh thee to differ from another? and what hast thou that thou didst not receive? now if thou didst receive it, why dost thou glory, as if thou hadst not received it?
1Cor	4	8			iam saturati estis iam divites facti estis sine nobis regnastis et utinam regnaretis ut et nos vobiscum regnaremus	Jam saturati estis, jam divites facti estis: sine nobis regnatis: et utinam regnetis, ut et nos vobiscum regnemus.	ηδη κεκορεσμενοι εστε ηδη επλουτησατε χωρις ημων εβασιλευσατε και οφελον γε εβασιλευσατε ινα και ημεις υμιν συμβασιλευσωμεν 	Now ye are full, now ye are rich, ye have reigned as kings without us: and I would to God ye did reign, that we also might reign with you.
1Cor	4	9			puto enim Deus nos apostolos novissimos ostendit tamquam morti destinatos quia spectaculum facti sumus mundo et angelis et hominibus	Puto enim quod Deus nos Apostolos novissimos ostendit, tamquam morti destinatos: quia spectaculum facti sumus mundo, et angelis, et hominibus.	δοκω γαρ οτι ο θεος ημας τους αποστολους εσχατους απεδειξεν ως επιθανατιους οτι θεατρον εγενηθημεν τω κοσμω και αγγελοις και ανθρωποις 	For I think that God hath set forth us the apostles last, as it were appointed to death: for we are made a spectacle unto the world, and to angels, and to men.
1Cor	4	10			nos stulti propter Christum vos autem prudentes in Christo nos infirmi vos autem fortes vos nobiles nos autem ignobiles	Nos stulti propter Christum, vos autem prudentes in Christo: nos infirmi, vos autem fortes: vos nobiles, nos autem ignobiles.	ημεις μωροι δια χριστον υμεις δε φρονιμοι εν χριστω ημεις ασθενεις υμεις δε ισχυροι υμεις ενδοξοι ημεις δε ατιμοι 	We are fools for Christ's sake, but ye are wise in Christ; we are weak, but ye are strong; ye are honourable, but we are despised.
1Cor	4	11			usque in hanc horam et esurimus et sitimus et nudi sumus et colaphis caedimur et instabiles sumus	Usque in hanc horam et esurimus, et sitimus, et nudi sumus, et colaphis cdimur, et instabiles sumus,	αχρι της αρτι ωρας και πεινωμεν και διψωμεν και γυμνητευομεν και κολαφιζομεθα και αστατουμεν 	Even unto this present hour we both hunger, and thirst, and are naked, and are buffeted, and have no certain dwellingplace;
1Cor	4	12			et laboramus operantes manibus nostris maledicimur et benedicimus persecutionem patimur et sustinemus	et laboramus operantes manibus nostris: maledicimur, et benedicimus: persecutionem patimur, et sustinemus:	και κοπιωμεν εργαζομενοι ταις ιδιαις χερσιν λοιδορουμενοι ευλογουμεν διωκομενοι ανεχομεθα 	And labour, working with our own hands: being reviled, we bless; being persecuted, we suffer it:
1Cor	4	13			blasphemamur et obsecramus tamquam purgamenta huius mundi facti sumus omnium peripsima usque adhuc	blasphemamur, et obsecramus: tamquam purgamenta hujus mundi facti sumus, omnium peripsema usque adhuc.	βλασφημουμενοι παρακαλουμεν ως περικαθαρματα του κοσμου εγενηθημεν παντων περιψημα εως αρτι 	Being defamed, we intreat: we are made as the filth of the world, and are the offscouring of all things unto this day.
1Cor	4	14			non ut confundam vos haec scribo sed ut filios meos carissimos moneo	Non ut confundam vos, hc scribo, sed ut filios meos carissimos moneo.	ουκ εντρεπων υμας γραφω ταυτα αλλ ως τεκνα μου αγαπητα νουθετω 	I write not these things to shame you, but as my beloved sons I warn you.
1Cor	4	15			nam si decem milia pedagogorum habeatis in Christo sed non multos patres nam in Christo Iesu per evangelium ego vos genui	Nam si decem millia pdagogorum habeatis in Christo, sed non multos patres. Nam in Christo Jesu per Evangelium ego vos genui.	εαν γαρ μυριους παιδαγωγους εχητε εν χριστω αλλ ου πολλους πατερας εν γαρ χριστω ιησου δια του ευαγγελιου εγω υμας εγεννησα 	For though ye have ten thousand instructers in Christ, yet have ye not many fathers: for in Christ Jesus I have begotten you through the gospel.
1Cor	4	16			rogo ergo vos imitatores mei estote	Rogo ergo vos, imitatores mei estote, sicut et ego Christi.	παρακαλω ουν υμας μιμηται μου γινεσθε 	Wherefore I beseech you, be ye followers of me.
1Cor	4	17			ideo misi ad vos Timotheum qui est filius meus carissimus et fidelis in Domino qui vos commonefaciat vias meas quae sunt in Christo sicut ubique in omni ecclesia doceo	Ideo misi ad vos Timotheum, qui est filius meus carissimus, et fidelis in Domino: qui vos commonefaciet vias meas, qu sunt in Christo Jesu, sicut ubique in omni ecclesia doceo.	δια τουτο επεμψα υμιν τιμοθεον ος εστιν τεκνον μου αγαπητον και πιστον εν κυριω ος υμας αναμνησει τας οδους μου τας εν χριστω καθως πανταχου εν παση εκκλησια διδασκω 	For this cause have I sent unto you Timotheus, who is my beloved son, and faithful in the Lord, who shall bring you into remembrance of my ways which be in Christ, as I teach every where in every church.
1Cor	4	18			tamquam non venturus sim ad vos sic inflati sunt quidam	Tamquam non venturus sim ad vos, sic inflati sunt quidam.	ως μη ερχομενου δε μου προς υμας εφυσιωθησαν τινες 	Now some are puffed up, as though I would not come to you.
1Cor	4	19			veniam autem cito ad vos si Dominus voluerit et cognoscam non sermonem eorum qui inflati sunt sed virtutem	Veniam autem ad vos cito, si Dominus voluerit: et cognoscam non sermonem eorum qui inflati sunt, sed virtutem.	ελευσομαι δε ταχεως προς υμας εαν ο κυριος θεληση και γνωσομαι ου τον λογον των πεφυσιωμενων αλλα την δυναμιν 	But I will come to you shortly, if the Lord will, and will know, not the speech of them which are puffed up, but the power.
1Cor	4	20			non enim in sermone est regnum Dei sed in virtute	Non enim in sermone est regnum Dei, sed in virtute.	ου γαρ εν λογω η βασιλεια του θεου αλλ εν δυναμει 	For the kingdom of God is not in word, but in power.
1Cor	4	21			quid vultis in virga veniam ad vos an in caritate et spiritu mansuetudinis	Quid vultis? in virga veniam ad vos, an in caritate, et spiritu mansuetudinis?	τι θελετε εν ραβδω ελθω προς υμας η εν αγαπη πνευματι τε πραοτητος   	What will ye? shall I come unto you with a rod, or in love, and in the spirit of meekness?
1Cor	5	1			omnino auditur inter vos fornicatio et talis fornicatio qualis nec inter gentes ita ut uxorem patris aliquis habeat	Omnino auditur inter vos fornicatio, et talis fornicatio, qualis nec inter gentes, ita ut uxorem patris sui aliquis habeat.	ολως ακουεται εν υμιν πορνεια και τοιαυτη πορνεια ητις ουδε εν τοις εθνεσιν ονομαζεται ωστε γυναικα τινα του πατρος εχειν 	It is reported commonly that there is fornication among you, and such fornication as is not so much as named among the Gentiles, that one should have his father's wife.
1Cor	5	2			et vos inflati estis et non magis luctum habuistis ut tollatur de medio vestrum qui hoc opus fecit	Et vos inflati estis: et non magis luctum habuistis ut tollatur de medio vestrum qui hoc opus fecit.	και υμεις πεφυσιωμενοι εστε και ουχι μαλλον επενθησατε ινα εξαρθη εκ μεσου υμων ο το εργον τουτο ποιησας 	And ye are puffed up, and have not rather mourned, that he that hath done this deed might be taken away from among you.
1Cor	5	3			ego quidem absens corpore praesens autem spiritu iam iudicavi ut praesens eum qui sic operatus est	Ego quidem absens corpore, prsens autem spiritu, jam judicavi ut prsens eum, qui sic operatus est,	εγω μεν γαρ ως απων τω σωματι παρων δε τω πνευματι ηδη κεκρικα ως παρων τον ουτως τουτο κατεργασαμενον 	For I verily, as absent in body, but present in spirit, have judged already, as though I were present, concerning him that hath so done this deed,
1Cor	5	4			in nomine Domini nostri Iesu Christi congregatis vobis et meo spiritu cum virtute Domini Iesu	in nomine Domini nostri Jesu Christi, congregatis vobis et meo spiritu, cum virtute Domini nostri Jesu,	εν τω ονοματι του κυριου ημων ιησου χριστου συναχθεντων υμων και του εμου πνευματος συν τη δυναμει του κυριου ημων ιησου χριστου 	In the name of our Lord Jesus Christ, when ye are gathered together, and my spirit, with the power of our Lord Jesus Christ,
1Cor	5	5			tradere huiusmodi Satanae in interitum carnis ut spiritus salvus sit in die Domini Iesu	tradere hujusmodi Satan in interitum carnis, ut spiritus salvus sit in die Domini nostri Jesu Christi.	παραδουναι τον τοιουτον τω σατανα εις ολεθρον της σαρκος ινα το πνευμα σωθη εν τη ημερα του κυριου ιησου 	To deliver such an one unto Satan for the destruction of the flesh, that the spirit may be saved in the day of the Lord Jesus.
1Cor	5	6			non bona gloriatio vestra nescitis quia modicum fermentum totam massam corrumpit	Non est bona gloriatio vestra. Nescitis quia modicum fermentum totam massam corrumpit?	ου καλον το καυχημα υμων ουκ οιδατε οτι μικρα ζυμη ολον το φυραμα ζυμοι 	Your glorying is not good. Know ye not that a little leaven leaveneth the whole lump?
1Cor	5	7			expurgate vetus fermentum ut sitis nova consparsio sicut estis azymi etenim pascha nostrum immolatus est Christus	Expurgate vetus fermentum, ut sitis nova conspersio, sicut estis azymi. Etenim Pascha nostrum immolatus est Christus.	εκκαθαρατε ουν την παλαιαν ζυμην ινα ητε 1510 νεον φυραμα καθως εστε αζυμοι και γαρ το πασχα ημων υπερ ημων ετυθη  εθυθη  χριστος 	Purge out therefore the old leaven, that ye may be a new lump, as ye are unleavened. For even Christ our passover is sacrificed for us:
1Cor	5	8			itaque epulemur non in fermento veteri neque in fermento malitiae et nequitiae sed in azymis sinceritatis et veritatis	Itaque epulemur: non in fermento veteri, neque in fermento maliti et nequiti: sed in azymis sinceritatis et veritatis.	ωστε εορταζωμεν μη εν ζυμη παλαια μηδε εν ζυμη κακιας και πονηριας αλλ εν αζυμοις ειλικρινειας και αληθειας 	Therefore let us keep the feast, not with old leaven, neither with the leaven of malice and wickedness; but with the unleavened bread of sincerity and truth.
1Cor	5	9			scripsi vobis in epistula ne commisceamini fornicariis	Scripsi in epistola: Ne commisceamini fornicariis:	εγραψα υμιν εν τη επιστολη μη συναναμιγνυσθαι πορνοις 	I wrote unto you in an epistle not to company with fornicators:
1Cor	5	10			non utique fornicariis huius mundi aut avaris aut rapacibus aut idolis servientibus alioquin debueratis de hoc mundo exisse	non utique fornicariis hujus mundi, aut avaris, aut rapacibus, aut idolis servientibus: alioquin debueratis de hoc mundo exiisse.	και ου παντως τοις πορνοις του κοσμου τουτου η τοις πλεονεκταις η αρπαξιν η ειδωλολατραις επει οφειλετε αρα εκ του κοσμου εξελθειν 	Yet not altogether with the fornicators of this world, or with the covetous, or extortioners, or with idolaters; for then must ye needs go out of the world.
1Cor	5	11			nunc autem scripsi vobis non commisceri si is qui frater nominatur est fornicator aut avarus aut idolis serviens aut maledicus aut ebriosus aut rapax cum eiusmodi nec cibum sumere	Nunc autem scripsi vobis non commisceri: si is qui frater nominatur, est fornicator, aut avarus, aut idolis serviens, aut maledicus, aut ebriosus, aut rapax, cum ejusmodi nec cibum sumere.	νυνι δε εγραψα υμιν μη συναναμιγνυσθαι εαν τις αδελφος ονομαζομενος η  η  πορνος η πλεονεκτης η ειδωλολατρης η λοιδορος η μεθυσος η αρπαξ τω τοιουτω μηδε συνεσθιειν 	But now I have written unto you not to keep company, if any man that is called a brother be a fornicator, or covetous, or an idolator, or a railer, or a drunkard, or an extortioner; with such an one no not to eat.
1Cor	5	12			quid enim mihi de his qui foris sunt iudicare nonne de his qui intus sunt vos iudicatis	Quid enim mihi de iis qui foris sunt, judicare? nonne de iis qui intus sunt, vos judicatis?	τι γαρ μοι και τους εξω κρινειν ουχι τους εσω υμεις κρινετε 	For what have I to do to judge them also that are without? do not ye judge them that are within?
1Cor	5	13			nam eos qui foris sunt Deus iudicabit auferte malum ex vobis ipsis	nam eos qui foris sunt, Deus judicabit. Auferte malum ex vobis ipsis.	τους δε εξω ο θεος κρινει και εξαρειτε τον πονηρον εξ υμων αυτων   	But them that are without God judgeth. Therefore put away from among yourselves that wicked person.
1Cor	6	1			audet aliquis vestrum habens negotium adversus alterum iudicari apud iniquos et non apud sanctos	Audet aliquis vestrum habens negotium adversus alterum, judicari apud iniquos, et non apud sanctos?	τολμα τις υμων πραγμα εχων προς τον ετερον κρινεσθαι επι των αδικων και ουχι επι των αγιων 	Dare any of you, having a matter against another, go to law before the unjust, and not before the saints?
1Cor	6	2			an nescitis quoniam sancti de mundo iudicabunt et si in vobis iudicabitur mundus indigni estis qui de minimis iudicetis	an nescitis quoniam sancti de hoc mundo judicabunt? et si in vobis judicabitur mundus, indigni estis qui de minimis judicetis?	ουκ οιδατε οτι οι αγιοι τον κοσμον κρινουσιν και ει εν υμιν κρινεται ο κοσμος αναξιοι εστε κριτηριων ελαχιστων 	Do ye not know that the saints shall judge the world? and if the world shall be judged by you, are ye unworthy to judge the smallest matters?
1Cor	6	3			nescitis quoniam angelos iudicabimus quanto magis saecularia	Nescitis quoniam angelos judicabimus? quanto magis scularia?	ουκ οιδατε οτι αγγελους κρινουμεν μητι γε βιωτικα 	Know ye not that we shall judge angels? how much more things that pertain to this life?
1Cor	6	4			saecularia igitur iudicia si habueritis contemptibiles qui sunt in ecclesia illos constituite ad iudicandum	Scularia igitur judicia si habueritis: contemptibiles, qui sunt in ecclesia, illos constituite ad judicandum.	βιωτικα μεν ουν κριτηρια εαν εχητε τους εξουθενημενους εν τη εκκλησια τουτους καθιζετε 	If then ye have judgments of things pertaining to this life, set them to judge who are least esteemed in the church.
1Cor	6	5			ad verecundiam vestram dico sic non est inter vos sapiens quisquam qui possit iudicare inter fratrem suum	Ad verecundiam vestram dico. Sic non est inter vos sapiens quisquam, qui possit judicare inter fratrem suum?	προς εντροπην υμιν λεγω ουτως ουκ εστιν εν υμιν σοφος ουδε εις ος δυνησεται διακριναι ανα μεσον του αδελφου αυτου 	I speak to your shame. Is it so, that there is not a wise man among you? no, not one that shall be able to judge between his brethren?
1Cor	6	6			sed frater cum fratre iudicio contendit et hoc apud infideles	Sed frater cum fratre judicio contendit: et hoc apud infideles?	αλλα αδελφος μετα αδελφου κρινεται και τουτο επι απιστων 	But brother goeth to law with brother, and that before the unbelievers.
1Cor	6	7			iam quidem omnino delictum est in vobis quod iudicia habetis inter vos quare non magis iniuriam accipitis quare non magis fraudem patimini	Jam quidem omnino delictum est in vobis, quod judicia habetis inter vos. Quare non magis injuriam accipitis? quare non magis fraudem patimini?	ηδη μεν ουν ολως ηττημα εν υμιν εστιν οτι κριματα εχετε μεθ εαυτων δια τι ουχι μαλλον αδικεισθε δια τι ουχι μαλλον αποστερεισθε 	Now therefore there is utterly a fault among you, because ye go to law one with another. Why do ye not rather take wrong? why do ye not rather suffer yourselves to be defrauded?
1Cor	6	8			sed vos iniuriam facitis et fraudatis et hoc fratribus	Sed vos injuriam facitis, et fraudatis: et hoc fratribus.	αλλα υμεις αδικειτε και αποστερειτε και ταυτα αδελφους 	Nay, ye do wrong, and defraud, and that your brethren.
1Cor	6	9			an nescitis quia iniqui regnum Dei non possidebunt nolite errare neque fornicarii neque idolis servientes neque adulteri	An nescitis quia iniqui regnum Dei non possidebunt? Nolite errare: neque fornicarii, neque idolis servientes, neque adulteri,	η ουκ οιδατε οτι αδικοι βασιλειαν θεου ου κληρονομησουσιν μη πλανασθε ουτε πορνοι ουτε ειδωλολατραι ουτε μοιχοι ουτε μαλακοι ουτε αρσενοκοιται 	Know ye not that the unrighteous shall not inherit the kingdom of God? Be not deceived: neither fornicators, nor idolaters, nor adulterers, nor effeminate, nor abusers of themselves with mankind,
1Cor	6	10			neque molles neque masculorum concubitores neque fures neque avari neque ebriosi neque maledici neque rapaces regnum Dei possidebunt	neque molles, neque masculorum concubitores, neque fures, neque avari, neque ebriosi, neque maledici, neque rapaces regnum Dei possidebunt.	ουτε κλεπται ουτε πλεονεκται ουτε μεθυσοι ου λοιδοροι ουχ αρπαγες βασιλειαν θεου ου κληρονομησουσιν 	Nor thieves, nor covetous, nor drunkards, nor revilers, nor extortioners, shall inherit the kingdom of God.
1Cor	6	11			et haec quidam fuistis sed abluti estis sed sanctificati estis sed iustificati estis in nomine Domini nostri Iesu Christi et in Spiritu Dei nostri	Et hc quidam fuistis: sed abluti estis, sed sanctificati estis, sed justificati estis in nomine Domini nostri Jesu Christi, et in Spiritu Dei nostri.	και ταυτα τινες ητε αλλα απελουσασθε αλλα ηγιασθητε αλλ εδικαιωθητε εν τω ονοματι του κυριου ιησου και εν τω πνευματι του θεου ημων 	And such were some of you: but ye are washed, but ye are sanctified, but ye are justified in the name of the Lord Jesus, and by the Spirit of our God.
1Cor	6	12			omnia mihi licent sed non omnia expediunt omnia mihi licent sed ego sub nullius redigar potestate	Omnia mihi licent, sed non omnia expediunt: omnia mihi licent, sed ego sub nullis redigar potestate.	παντα μοι εξεστιν αλλ ου παντα συμφερει παντα μοι εξεστιν αλλ ουκ εγω εξουσιασθησομαι υπο τινος 	All things are lawful unto me, but all things are not expedient: all things are lawful for me, but I will not be brought under the power of any.
1Cor	6	13			esca ventri et venter escis Deus autem et hunc et haec destruet corpus autem non fornicationi sed Domino et Dominus corpori	Esca ventri, et venter escis: Deus autem et hunc et has destruet: corpus autem non fornicationi, sed Domino: et Dominus corpori.	τα βρωματα τη κοιλια και η κοιλια τοις βρωμασιν ο δε θεος και ταυτην και ταυτα καταργησει το δε σωμα ου τη πορνεια αλλα τω κυριω και ο κυριος τω σωματι 	Meats for the belly, and the belly for meats: but God shall destroy both it and them. Now the body is not for fornication, but for the Lord; and the Lord for the body.
1Cor	6	14			Deus vero et Dominum suscitavit et nos suscitabit per virtutem suam	Deus vero et Dominum suscitavit: et nos suscitabit per virtutem suam.	ο δε θεος και τον κυριον ηγειρεν και ημας εξεγερει δια της δυναμεως αυτου 	And God hath both raised up the Lord, and will also raise up us by his own power.
1Cor	6	15			nescitis quoniam corpora vestra membra Christi sunt tollens ergo membra Christi faciam membra meretricis absit	Nescitis quoniam corpora vestra membra sunt Christi? Tollens ergo membra Christi, faciam membra meretricis? Absit.	ουκ οιδατε οτι τα σωματα υμων μελη χριστου εστιν αρας ουν τα μελη του χριστου ποιησω πορνης μελη μη γενοιτο 	Know ye not that your bodies are the members of Christ? shall I then take the members of Christ, and make them the members of an harlot? God forbid.
1Cor	6	16			an nescitis quoniam qui adheret meretrici unum corpus efficitur erunt enim inquit duo in carne una	An nescitis quoniam qui adhret meretrici, unum corpus efficitur? Erunt enim (inquit) duo in carne una.	η ουκ οιδατε οτι ο κολλωμενος τη πορνη εν σωμα εστιν εσονται γαρ φησιν οι δυο εις σαρκα μιαν 	What? know ye not that he which is joined to an harlot is one body? for two, saith he, shall be one flesh.
1Cor	6	17			qui autem adheret Domino unus spiritus est	Qui autem adhret Domino, unus spiritus est.	ο δε κολλωμενος τω κυριω εν πνευμα εστιν 	But he that is joined unto the Lord is one spirit.
1Cor	6	18			fugite fornicationem omne peccatum quodcumque fecerit homo extra corpus est qui autem fornicatur in corpus suum peccat	Fugite fornicationem. Omne peccatum, quodcumque fecerit homo, extra corpus est: qui autem fornicatur, in corpus suum peccat.	φευγετε την πορνειαν παν αμαρτημα ο εαν ποιηση ανθρωπος εκτος του σωματος εστιν ο δε πορνευων εις το ιδιον σωμα αμαρτανει 	Flee fornication. Every sin that a man doeth is without the body; but he that committeth fornication sinneth against his own body.
1Cor	6	19			an nescitis quoniam membra vestra templum est Spiritus Sancti qui in vobis est quem habetis a Deo et non estis vestri	An nescitis quoniam membra vestra, templum sunt Spiritus Sancti, qui in vobis est, quem habetis a Deo, et non estis vestri?	η ουκ οιδατε οτι το σωμα υμων ναος του εν υμιν αγιου πνευματος εστιν ου εχετε απο θεου και ουκ εστε εαυτων 	What? know ye not that your body is the temple of the Holy Ghost which is in you, which ye have of God, and ye are not your own?
1Cor	6	20			empti enim estis pretio magno glorificate et portate Deum in corpore vestro	Empti enim estis pretio magno. Glorificate, et portate Deum in corpore vestro.	ηγορασθητε γαρ τιμης δοξασατε δη τον θεον εν τω σωματι υμων και εν τω πνευματι υμων ατινα εστιν του θεου   	For ye are bought with a price: therefore glorify God in your body, and in your spirit, which are God's.
1Cor	7	1			de quibus autem scripsistis bonum est homini mulierem non tangere	De quibus autem scripsistis mihi: Bonum est homini mulierem non tangere:	περι δε ων εγραψατε μοι καλον ανθρωπω γυναικος μη απτεσθαι 	Now concerning the things whereof ye wrote unto me: It is good for a man not to touch a woman.
1Cor	7	2			propter fornicationes autem unusquisque suam uxorem habeat et unaquaeque suum virum habeat	propter fornicationem autem unusquisque suam uxorem habeat, et unaquque suum virum habeat.	δια δε τας πορνειας εκαστος την εαυτου γυναικα εχετω και εκαστη τον ιδιον ανδρα εχετω 	Nevertheless, to avoid fornication, let every man have his own wife, and let every woman have her own husband.
1Cor	7	3			uxori vir debitum reddat similiter autem et uxor viro	Uxori vir debitum reddat: similiter autem et uxor viro.	τη γυναικι ο ανηρ την οφειλομενην ευνοιαν αποδιδοτω ομοιως δε και η γυνη τω ανδρι 	Let the husband render unto the wife due benevolence: and likewise also the wife unto the husband.
1Cor	7	4			mulier sui corporis potestatem non habet sed vir similiter autem et vir sui corporis potestatem non habet sed mulier	Mulier sui corporis potestatem non habet, sed vir. Similiter autem et vir sui corporis potestatem non habet, sed mulier.	η γυνη του ιδιου σωματος ουκ εξουσιαζει αλλ ο ανηρ ομοιως δε και ο ανηρ του ιδιου σωματος ουκ εξουσιαζει αλλ η γυνη 	The wife hath not power of her own body, but the husband: and likewise also the husband hath not power of his own body, but the wife.
1Cor	7	5			nolite fraudare invicem nisi forte ex consensu ad tempus ut vacetis orationi et iterum revertimini in id ipsum ne temptet vos Satanas propter incontinentiam vestram	Nolite fraudare invicem, nisi forte ex consensu ad tempus, ut vacetis orationi: et iterum revertimini in idipsum, ne tentet vos Satanas propter incontinentiam vestram.	μη αποστερειτε αλληλους ει μη τι αν εκ συμφωνου προς καιρον ινα σχολαζητε τη νηστεια και τη προσευχη και παλιν επι το αυτο συνερχησθε ινα μη πειραζη υμας ο σατανας δια την ακρασιαν υμων 	Defraud ye not one the other, except it be with consent for a time, that ye may give yourselves to fasting and prayer; and come together again, that Satan tempt you not for your incontinency.
1Cor	7	6			hoc autem dico secundum indulgentiam non secundum imperium	Hoc autem dico secundum indulgentiam, non secundum imperium.	τουτο δε λεγω κατα συγγνωμην ου κατ επιταγην 	But I speak this by permission, and not of commandment.
1Cor	7	7			volo autem omnes homines esse sicut me ipsum sed unusquisque proprium habet donum ex Deo alius quidem sic alius vero sic	Volo enim omnes vos esse sicut meipsum: sed unusquisque proprium donum habet ex Deo: alius quidem sic, alius vero sic.	θελω γαρ παντας ανθρωπους ειναι ως και εμαυτον αλλ εκαστος ιδιον χαρισμα εχει εκ θεου ος μεν ουτως ος δε ουτως 	For I would that all men were even as I myself. But every man hath his proper gift of God, one after this manner, and another after that.
1Cor	7	8			dico autem non nuptis et viduis bonum est illis si sic maneant sicut et ego	Dico autem non nuptis, et viduis: bonum est illis si sic permaneant, sicut et ego.	λεγω δε τοις αγαμοις και ταις χηραις καλον αυτοις εστιν εαν μεινωσιν ως καγω 	I say therefore to the unmarried and widows, it is good for them if they abide even as I.
1Cor	7	9			quod si non se continent nubant melius est enim nubere quam uri	Quod si non se continent, nubant. Melius est enim nubere, quam uri.	ει δε ουκ εγκρατευονται γαμησατωσαν κρεισσον γαρ εστιν γαμησαι η πυρουσθαι 	But if they cannot contain, let them marry: for it is better to marry than to burn.
1Cor	7	10			his autem qui matrimonio iuncti sunt praecipio non ego sed Dominus uxorem a viro non discedere	Iis autem qui matrimonio juncti sunt, prcipio non ego, sed Dominus, uxorem a viro non discedere:	τοις δε γεγαμηκοσιν παραγγελλω ουκ εγω αλλ ο κυριος γυναικα απο ανδρος μη χωρισθηναι 	And unto the married I command, yet not I, but the Lord, Let not the wife depart from her husband:
1Cor	7	11			quod si discesserit manere innuptam aut viro suo reconciliari et vir uxorem ne dimittat	quod si discesserit, manere innuptam, aut viro suo reconciliari. Et vir uxorem non dimittat.	εαν δε και χωρισθη μενετω αγαμος η τω ανδρι καταλλαγητω και ανδρα γυναικα μη αφιεναι 	But and if she depart, let her remain unmarried or be reconciled to her husband: and let not the husband put away his wife.
1Cor	7	12			nam ceteris ego dico non Dominus si quis frater uxorem habet infidelem et haec consentit habitare cum illo non dimittat illam	Nam ceteris ego dico, non Dominus. Si quis frater uxorem habet infidelem, et hc consentit habitare cum illo, non dimittat illam.	τοις δε λοιποις εγω λεγω ουχ ο κυριος ει τις αδελφος γυναικα εχει απιστον και αυτη συνευδοκει οικειν μετ αυτου μη αφιετω αυτην 	But to the rest speak I, not the Lord: If any brother hath a wife that believeth not, and she be pleased to dwell with him, let him not put her away.
1Cor	7	13			et si qua mulier habet virum infidelem et hic consentit habitare cum illa non dimittat virum	Et si qua mulier fidelis habet virum infidelem, et hic consentit habitare cum illa, non dimittat virum:	και γυνη ητις εχει ανδρα απιστον και αυτος συνευδοκει οικειν μετ αυτης μη αφιετω αυτον 	And the woman which hath an husband that believeth not, and if he be pleased to dwell with her, let her not leave him.
1Cor	7	14			sanctificatus est enim vir infidelis in muliere fideli et sanctificata est mulier infidelis per virum fidelem alioquin filii vestri inmundi essent nunc autem sancti sunt	sanctificatus est enim vir infidelis per mulierem fidelem, et sanctificata est mulier infidelis per virum fidelem: alioquin filii vestri immundi essent, nunc autem sancti sunt.	ηγιασται γαρ ο ανηρ ο απιστος εν τη γυναικι και ηγιασται η γυνη η απιστος εν τω ανδρι επει αρα τα τεκνα υμων ακαθαρτα εστιν νυν δε αγια εστιν 	For the unbelieving husband is sanctified by the wife, and the unbelieving wife is sanctified by the husband: else were your children unclean; but now are they holy.
1Cor	7	15			quod si infidelis discedit discedat non est enim servituti subiectus frater aut soror in eiusmodi in pace autem vocavit nos Deus	Quod si infidelis discedit, discedat: non enim servituti subjectus est frater, aut soror in hujusmodi: in pace autem vocavit nos Deus.	ει δε ο απιστος χωριζεται χωριζεσθω ου δεδουλωται ο αδελφος η η αδελφη εν τοις τοιουτοις εν δε ειρηνη κεκληκεν ημας ο θεος 	But if the unbelieving depart, let him depart. A brother or a sister is not under bondage in such cases: but God hath called us to peace.
1Cor	7	16			unde enim scis mulier si virum salvum facies aut unde scis vir si mulierem salvam facies	Unde enim scis mulier, si virum salvum facies? aut unde scis vir, si mulierem salvam facies?	τι γαρ οιδας γυναι ει τον ανδρα σωσεις η τι οιδας ανερ ει την γυναικα σωσεις 	For what knowest thou, O wife, whether thou shalt save thy husband? or how knowest thou, O man, whether thou shalt save thy wife?
1Cor	7	17			nisi unicuique sicut divisit Dominus unumquemque sicut vocavit Deus ita ambulet et sic in omnibus ecclesiis doceo	Nisi unicuique sicut divisit Dominus, unumquemque sicut vocavit Deus, ita ambulet, et sicut in omnibus ecclesiis doceo.	ει μη εκαστω ως εμερισεν ο θεος εκαστον ως κεκληκεν ο κυριος ουτως περιπατειτω και ουτως εν ταις εκκλησιαις πασαις διατασσομαι 	But as God hath distributed to every man, as the Lord hath called every one, so let him walk. And so ordain I in all churches.
1Cor	7	18			circumcisus aliquis vocatus est non adducat praeputium in praeputio aliquis vocatus est non circumcidatur	Circumcisus aliquis vocatus est? non adducat prputium. In prputio aliquis vocatus est? non circumcidatur.	περιτετμημενος τις εκληθη μη επισπασθω εν ακροβυστια τις εκληθη μη περιτεμνεσθω 	Is any man called being circumcised? let him not become uncircumcised. Is any called in uncircumcision? let him not be circumcised.
1Cor	7	19			circumcisio nihil est et praeputium nihil est sed observatio mandatorum Dei	Circumcisio nihil est, et prputium nihil est: sed observatio mandatorum Dei.	η περιτομη ουδεν εστιν και η ακροβυστια ουδεν εστιν αλλα τηρησις εντολων θεου 	Circumcision is nothing, and uncircumcision is nothing, but the keeping of the commandments of God.
1Cor	7	20			unusquisque in qua vocatione vocatus est in ea permaneat	Unusquisque in qua vocatione vocatus est, in ea permaneat.	εκαστος εν τη κλησει η εκληθη εν ταυτη μενετω 	Let every man abide in the same calling wherein he was called.
1Cor	7	21			servus vocatus es non sit tibi curae sed et si potes liber fieri magis utere	Servus vocatus es? non sit tibi cur: sed et si potes fieri liber, magis utere.	δουλος εκληθης μη σοι μελετω αλλ ει και δυνασαι ελευθερος γενεσθαι μαλλον χρησαι 	Art thou called being a servant? care not for it: but if thou mayest be made free, use it rather.
1Cor	7	22			qui enim in Domino vocatus est servus libertus est Domini similiter qui liber vocatus est servus est Christi	Qui enim in Domino vocatus est servus, libertus est Domini: similiter qui liber vocatus est, servus est Christi.	ο γαρ εν κυριω κληθεις δουλος απελευθερος κυριου εστιν ομοιως και ο ελευθερος κληθεις δουλος εστιν χριστου 	For he that is called in the Lord, being a servant, is the Lord's freeman: likewise also he that is called, being free, is Christ's servant.
1Cor	7	23			pretio empti estis nolite fieri servi hominum	Pretio empti estis: nolite fieri servi hominum.	τιμης ηγορασθητε μη γινεσθε δουλοι ανθρωπων 	Ye are bought with a price; be not ye the servants of men.
1Cor	7	24			unusquisque in quo vocatus est fratres in hoc maneat apud Deum	Unusquisque in quo vocatus est, fratres, in hoc permaneat apud Deum.	εκαστος εν ω εκληθη αδελφοι εν τουτω μενετω παρα τω θεω 	Brethren, let every man, wherein he is called, therein abide with God.
1Cor	7	25			de virginibus autem praeceptum Domini non habeo consilium autem do tamquam misericordiam consecutus a Domino ut sim fidelis	De virginibus autem prceptum Domini non habeo: consilium autem do, tamquam misericordiam consecutus a Domino, ut sim fidelis.	περι δε των παρθενων επιταγην κυριου ουκ εχω γνωμην δε διδωμι ως ηλεημενος υπο κυριου πιστος ειναι 	Now concerning virgins I have no commandment of the Lord: yet I give my judgment, as one that hath obtained mercy of the Lord to be faithful.
1Cor	7	26			existimo ergo hoc bonum esse propter instantem necessitatem quoniam bonum est homini sic esse	Existimo ergo hoc bonum esse propter instantem necessitatem, quoniam bonum est homini sic esse.	νομιζω ουν τουτο καλον υπαρχειν δια την ενεστωσαν αναγκην οτι καλον ανθρωπω το ουτως ειναι 	I suppose therefore that this is good for the present distress, I say, that it is good for a man so to be.
1Cor	7	27			alligatus es uxori noli quaerere solutionem solutus es ab uxore noli quaerere uxorem	Alligatus es uxori? noli qurere solutionem. Solutus es ab uxore? noli qurere uxorem.	δεδεσαι γυναικι μη ζητει λυσιν λελυσαι απο γυναικος μη ζητει γυναικα 	Art thou bound unto a wife? seek not to be loosed. Art thou loosed from a wife? seek not a wife.
1Cor	7	28			si autem acceperis uxorem non peccasti et si nupserit virgo non peccavit tribulationem tamen carnis habebunt huiusmodi ego autem vobis parco	Si autem acceperis uxorem, non peccasti. Et si nupserit virgo, non peccavit: tribulationem tamen carnis habebunt hujusmodi. Ego autem vobis parco.	εαν δε και γημης ουχ ημαρτες και εαν γημη η παρθενος ουχ ημαρτεν θλιψιν δε τη σαρκι εξουσιν οι τοιουτοι εγω δε υμων φειδομαι 	But and if thou marry, thou hast not sinned; and if a virgin marry, she hath not sinned. Nevertheless such shall have trouble in the flesh: but I spare you.
1Cor	7	29			hoc itaque dico fratres tempus breve est reliquum est ut qui habent uxores tamquam non habentes sint	Hoc itaque dico, fratres: tempus breve est: reliquum est, ut et qui habent uxores, tamquam non habentes sint:	τουτο δε φημι αδελφοι  οτι  ο καιρος συνεσταλμενος το λοιπον εστιν ινα και οι εχοντες γυναικας ως μη εχοντες ωσιν 	But this I say, brethren, the time is short: it remaineth, that both they that have wives be as though they had none;
1Cor	7	30			et qui flent tamquam non flentes et qui gaudent tamquam non gaudentes et qui emunt tamquam non possidentes	et qui flent, tamquam non flentes: et qui gaudent, tamquam non gaudentes: et qui emunt, tamquam non possidentes:	και οι κλαιοντες ως μη κλαιοντες και οι χαιροντες ως μη χαιροντες και οι αγοραζοντες ως μη κατεχοντες 	And they that weep, as though they wept not; and they that rejoice, as though they rejoiced not; and they that buy, as though they possessed not;
1Cor	7	31			et qui utuntur hoc mundo tamquam non utantur praeterit enim figura huius mundi	et qui utuntur hoc mundo, tamquam non utantur: prterit enim figura hujus mundi.	και οι χρωμενοι τω κοσμω τουτω ως μη καταχρωμενοι παραγει γαρ το σχημα του κοσμου τουτου 	And they that use this world, as not abusing it: for the fashion of this world passeth away.
1Cor	7	32			volo autem vos sine sollicitudine esse qui sine uxore est sollicitus est quae Domini sunt quomodo placeat Deo	Volo autem vos sine sollicitudine esse. Qui sine uxore est, sollicitus est qu Domini sunt, quomodo placeat Deo.	θελω δε υμας αμεριμνους ειναι ο αγαμος μεριμνα τα του κυριου πως αρεσει τω κυριω 	But I would have you without carefulness. He that is unmarried careth for the things that belong to the Lord, how he may please the Lord:
1Cor	7	33			qui autem cum uxore est sollicitus est quae sunt mundi quomodo placeat uxori et divisus est	Qui autem cum uxore est, sollicitus est qu sunt mundi, quomodo placeat uxori, et divisus est.	ο δε γαμησας μεριμνα τα του κοσμου πως αρεσει τη γυναικι 	But he that is married careth for the things that are of the world, how he may please his wife.
1Cor	7	34			et mulier innupta et virgo cogitat quae Domini sunt ut sit sancta et corpore et spiritu quae autem nupta est cogitat quae sunt mundi quomodo placeat viro	Et mulier innupta, et virgo, cogitat qu Domini sunt, ut sit sancta corpore, et spiritu. Qu autem nupta est, cogitat qu sunt mundi, quomodo placeat viro.	μεμερισται η γυνη και η παρθενος η αγαμος μεριμνα τα του κυριου ινα η αγια και σωματι και πνευματι η δε γαμησασα μεριμνα τα του κοσμου πως αρεσει τω ανδρι 	There is difference also between a wife and a virgin. The unmarried woman careth for the things of the Lord, that she may be holy both in body and in spirit: but she that is married careth for the things of the world, how she may please her husband.
1Cor	7	35			porro hoc ad utilitatem vestram dico non ut laqueum vobis iniciam sed ad id quod honestum est et quod facultatem praebeat sine inpedimento Dominum observandi	Porro hoc ad utilitatem vestram dico: non ut laqueum vobis injiciam, sed ad id, quod honestum est, et quod facultatem prbeat sine impedimento Dominum obsecrandi.	τουτο δε προς το υμων αυτων συμφερον λεγω ουχ ινα βροχον υμιν επιβαλω αλλα προς το ευσχημον και ευπροσεδρον τω κυριω απερισπαστως 	And this I speak for your own profit; not that I may cast a snare upon you, but for that which is comely, and that ye may attend upon the Lord without distraction.
1Cor	7	36			si quis autem turpem se videri existimat super virgine sua quod sit superadulta et ita oportet fieri quod vult faciat non peccat nubat	Si quis autem turpem se videri existimat super virgine sua, quod sit superadulta, et ita oportet fieri: quod vult faciat: non peccat, si nubat.	ει δε τις ασχημονειν επι την παρθενον αυτου νομιζει εαν η υπερακμος και ουτως οφειλει γινεσθαι ο θελει ποιειτω ουχ αμαρτανει γαμειτωσαν 	But if any man think that he behaveth himself uncomely toward his virgin, if she pass the flower of her age, and need so require, let him do what he will, he sinneth not: let them marry.
1Cor	7	37			nam qui statuit in corde suo firmus non habens necessitatem potestatem autem habet suae voluntatis et hoc iudicavit in corde suo servare virginem suam bene facit	Nam qui statuit in corde suo firmus, non habens necessitatem, potestatem autem habens su voluntatis, et hoc judicavit in corde suo, servare virginem suam, bene facit.	ος δε εστηκεν εδραιος εν τη καρδια μη εχων αναγκην εξουσιαν δε εχει περι του ιδιου θεληματος και τουτο κεκρικεν εν τη καρδια αυτου του τηρειν την εαυτου παρθενον καλως ποιει 	Nevertheless he that standeth stedfast in his heart, having no necessity, but hath power over his own will, and hath so decreed in his heart that he will keep his virgin, doeth well.
1Cor	7	38			igitur et qui matrimonio iungit virginem suam bene facit et qui non iungit melius facit	Igitur et qui matrimonio jungit virginem suam, bene facit: et qui non jungit, melius facit.	ωστε και ο εκγαμιζων καλως ποιει ο δε μη εκγαμιζων κρεισσον ποιει 	So then he that giveth her in marriage doeth well; but he that giveth her not in marriage doeth better.
1Cor	7	39			mulier alligata est quanto tempore vir eius vivit quod si dormierit vir eius liberata est cui vult nubat tantum in Domino	Mulier alligata est legi quanto tempore vir ejus vivit, quod si dormierit vir ejus, liberata est: cui vult nubat, tantum in Domino.	γυνη δεδεται νομω εφ οσον χρονον ζη ο ανηρ αυτης εαν δε κοιμηθη ο ανηρ αυτης ελευθερα εστιν ω θελει γαμηθηναι μονον εν κυριω 	The wife is bound by the law as long as her husband liveth; but if her husband be dead, she is at liberty to be married to whom she will; only in the Lord.
1Cor	7	40			beatior autem erit si sic permanserit secundum meum consilium puto autem quod et ego Spiritum Dei habeo	Beatior autem erit si sic permanserit secundum meum consilium: puto autem quod et ego Spiritum Dei habeam.	μακαριωτερα δε εστιν εαν ουτως μεινη κατα την εμην γνωμην δοκω δε καγω πνευμα θεου εχειν   	But she is happier if she so abide, after my judgment: and I think also that I have the Spirit of God.
1Cor	8	1			de his autem quae idolis sacrificantur scimus quia omnes scientiam habemus scientia inflat caritas vero aedificat	De iis autem qu idolis sacrificantur, scimus quia omnes scientiam habemus. Scientia inflat, caritas vero dificat.	περι δε των ειδωλοθυτων οιδαμεν οτι παντες γνωσιν εχομεν η γνωσις φυσιοι η δε αγαπη οικοδομει 	Now as touching things offered unto idols, we know that we all have knowledge. Knowledge puffeth up, but charity edifieth.
1Cor	8	2			si quis se existimat scire aliquid nondum cognovit quemadmodum oporteat eum scire	Si quis autem se existimat scire aliquid, nondum cognovit quemadmodum oporteat eum scire.	ει δε τις δοκει ειδεναι τι ουδεπω ουδεν εγνωκεν καθως δει γνωναι 	And if any man think that he knoweth any thing, he knoweth nothing yet as he ought to know.
1Cor	8	3			si quis autem diligit Deum hic cognitus est ab eo	Si quis autem diligit Deum, hic cognitus est ab eo.	ει δε τις αγαπα τον θεον ουτος εγνωσται υπ αυτου 	But if any man love God, the same is known of him.
1Cor	8	4			de escis autem quae idolis immolantur scimus quia nihil est idolum in mundo et quod nullus Deus nisi unus	De escis autem qu idolis immolantur, scimus quia nihil est idolum in mundo, et quod nullus est Deus, nisi unus.	περι της βρωσεως ουν των ειδωλοθυτων οιδαμεν οτι ουδεν ειδωλον εν κοσμω και οτι ουδεις θεος ετερος ει μη εις 	As concerning therefore the eating of those things that are offered in sacrifice unto idols, we know that an idol is nothing in the world, and that there is none other God but one.
1Cor	8	5			nam et si sunt qui dicantur dii sive in caelo sive in terra siquidem sunt dii multi et domini multi	Nam etsi sunt qui dicantur dii sive in clo, sive in terra (siquidem sunt dii multi, et domini multi):	και γαρ ειπερ εισιν λεγομενοι θεοι ειτε εν ουρανω ειτε επι της γης ωσπερ εισιν θεοι πολλοι και κυριοι πολλοι 	For though there be that are called gods, whether in heaven or in earth, (as there be gods many, and lords many,)
1Cor	8	6			nobis tamen unus Deus Pater ex quo omnia et nos in illum et unus Dominus Iesus Christus per quem omnia et nos per ipsum	nobis tamen unus est Deus, Pater, ex quo omnia, et nos in illum: et unus Dominus Jesus Christus, per quem omnia, et nos per ipsum.	αλλ ημιν εις θεος ο πατηρ εξ ου τα παντα και ημεις εις αυτον και εις κυριος ιησους χριστος δι ου τα παντα και ημεις δι αυτου 	But to us there is but one God, the Father, of whom are all things, and we in him; and one Lord Jesus Christ, by whom are all things, and we by him.
1Cor	8	7			sed non in omnibus est scientia quidam autem conscientia usque nunc idoli quasi idolothytum manducant et conscientia ipsorum cum sit infirma polluitur	Sed non in omnibus est scientia. Quidam autem cum conscientia usque nunc idoli, quasi idolothytum manducant: et conscientia ipsorum cum sit infirma, polluitur.	αλλ ουκ εν πασιν η γνωσις τινες δε τη συνειδησει του ειδωλου εως αρτι ως ειδωλοθυτον εσθιουσιν και η συνειδησις αυτων ασθενης ουσα μολυνεται 	Howbeit there is not in every man that knowledge: for some with conscience of the idol unto this hour eat it as a thing offered unto an idol; and their conscience being weak is defiled.
1Cor	8	8			esca autem nos non commendat Deo neque si non manducaverimus deficiemus neque si manducaverimus abundabimus	Esca autem nos non commendat Deo. Neque enim si manducaverimus, abundabimus: neque si non manducaverimus, deficiemus.	βρωμα δε ημας ου παριστησιν τω θεω ουτε γαρ εαν φαγωμεν περισσευομεν ουτε εαν μη φαγωμεν υστερουμεθα 	But meat commendeth us not to God: for neither, if we eat, are we the better; neither, if we eat not, are we the worse.
1Cor	8	9			videte autem ne forte haec licentia vestra offendiculum fiat infirmibus	Videte autem ne forte hc licentia vestra offendiculum fiat infirmis.	βλεπετε δε μηπως η εξουσια υμων αυτη προσκομμα γενηται τοις ασθενουσιν 	But take heed lest by any means this liberty of yours become a stumblingblock to them that are weak.
1Cor	8	10			si enim quis viderit eum qui habet scientiam in idolio recumbentem nonne conscientia eius cum sit infirma aedificabitur ad manducandum idolothyta	Si enim quis viderit eum, qui habet scientiam, in idolio recumbentem: nonne conscientia ejus, cum sit infirma, dificabitur ad manducandum idolothyta?	εαν γαρ τις ιδη σε τον εχοντα γνωσιν εν ειδωλειω κατακειμενον ουχι η συνειδησις αυτου ασθενους οντος οικοδομηθησεται εις το τα ειδωλοθυτα εσθιειν 	For if any man see thee which hast knowledge sit at meat in the idol's temple, shall not the conscience of him which is weak be emboldened to eat those things which are offered to idols;
1Cor	8	11			et peribit infirmus in tua scientia frater propter quem Christus mortuus est	Et peribit infirmus in tua scientia, frater, propter quem Christus mortuus est?	και απολειται ο ασθενων αδελφος επι τη ση γνωσει δι ον χριστος απεθανεν 	And through thy knowledge shall the weak brother perish, for whom Christ died?
1Cor	8	12			sic autem peccantes in fratres et percutientes conscientiam eorum infirmam in Christo peccatis	Sic autem peccantes in fratres, et percutientes conscientiam eorum infirmam, in Christum peccatis.	ουτως δε αμαρτανοντες εις τους αδελφους και τυπτοντες αυτων την συνειδησιν ασθενουσαν εις χριστον αμαρτανετε 	But when ye sin so against the brethren, and wound their weak conscience, ye sin against Christ.
1Cor	8	13			quapropter si esca scandalizat fratrem meum non manducabo carnem in aeternum ne fratrem meum scandalizem	Quapropter si esca scandalizat fratrem meum, non manducabo carnem in ternum, ne fratrem meum scandalizem.	διοπερ ει βρωμα σκανδαλιζει τον αδελφον μου ου μη φαγω κρεα εις τον αιωνα ινα μη τον αδελφον μου σκανδαλισω   	Wherefore, if meat make my brother to offend, I will eat no flesh while the world standeth, lest I make my brother to offend.
1Cor	9	1			non sum liber non sum apostolus nonne Iesum Dominum nostrum vidi non opus meum vos estis in Domino	Non sum liber? non sum Apostolus? nonne Christum Jesum Dominum nostrum vidi? nonne opus meum vos estis in Domino?	ουκ ειμι αποστολος ουκ ειμι ελευθερος ουχι ιησουν χριστον τον κυριον ημων εωρακα ου το εργον μου υμεις εστε εν κυριω 	Am I am not an apostle? am I not free? have I not seen Jesus Christ our Lord? are not ye my work in the Lord?
1Cor	9	2			si aliis non sum apostolus sed tamen vobis sum nam signaculum apostolatus mei vos estis in Domino	Et si aliis non sum Apostolus, sed tamen vobis sum: nam signaculum apostolatus mei vos estis in Domino.	ει αλλοις ουκ ειμι αποστολος αλλα γε υμιν ειμι η γαρ σφραγις της εμης αποστολης υμεις εστε εν κυριω 	If I be not an apostle unto others, yet doubtless I am to you: for the seal of mine apostleship are ye in the Lord.
1Cor	9	3			mea defensio apud eos qui me interrogant haec est	Mea defensio apud eos qui me interrogant, hc est:	η εμη απολογια τοις εμε ανακρινουσιν αυτη εστιν 	Mine answer to them that do examine me is this,
1Cor	9	4			numquid non habemus potestatem manducandi et bibendi	Numquid non habemus potestatem manducandi et bibendi?	μη ουκ εχομεν εξουσιαν φαγειν και πιειν 	Have we not power to eat and to drink?
1Cor	9	5			numquid non habemus potestatem sororem mulierem circumducendi sicut et ceteri apostoli et fratres Domini et Cephas	numquid non habemus potestatem mulierem sororem circumducendi sicut et ceteri Apostoli, et fratres Domini, et Cephas?	μη ουκ εχομεν εξουσιαν αδελφην γυναικα περιαγειν ως και οι λοιποι αποστολοι και οι αδελφοι του κυριου και κηφας 	Have we not power to lead about a sister, a wife, as well as other apostles, and as the brethren of the Lord, and Cephas?
1Cor	9	6			aut solus ego et Barnabas non habemus potestatem hoc operandi	aut ego solus, et Barnabas, non habemus potestatem hoc operandi?	η μονος εγω και βαρναβας ουκ εχομεν εξουσιαν του μη εργαζεσθαι 	Or I only and Barnabas, have not we power to forbear working?
1Cor	9	7			quis militat suis stipendiis umquam quis plantat vineam et fructum eius non edit quis pascit gregem et de lacte gregis non manducat	Quis militat suis stipendiis umquam? quis plantat vineam, et de fructu ejus non edit? quis pascit gregem, et de lacte gregis non manducat?	τις στρατευεται ιδιοις οψωνιοις ποτε τις φυτευει αμπελωνα και εκ του καρπου αυτου ουκ εσθιει η τις ποιμαινει ποιμνην και εκ του γαλακτος της ποιμνης ουκ εσθιει 	Who goeth a warfare any time at his own charges? who planteth a vineyard, and eateth not of the fruit thereof? or who feedeth a flock, and eateth not of the milk of the flock?
1Cor	9	8			numquid secundum hominem haec dico an et lex haec non dicit	Numquid secundum hominem hc dico? an et lex hc non dicit?	μη κατα ανθρωπον ταυτα λαλω η ουχι και ο νομος ταυτα λεγει 	Say I these things as a man? or saith not the law the same also?
1Cor	9	9			scriptum est enim in lege Mosi non alligabis os bovi trituranti numquid de bubus cura est Deo	Scriptum est enim in lege Moysi: Non alligabis os bovi trituranti. Numquid de bobus cura est Deo?	εν γαρ τω μωσεως νομω γεγραπται ου φιμωσεις βουν αλοωντα μη των βοων μελει τω θεω 	For it is written in the law of Moses, thou shalt not muzzle the mouth of the ox that treadeth out the corn. Doth God take care for oxen?
1Cor	9	10			an propter nos utique dicit nam propter nos scripta sunt quoniam debet in spe qui arat arare et qui triturat in spe fructus percipiendi	an propter nos utique hoc dicit? Nam propter nos scripta sunt: quoniam debet in spe qui arat, arare: et qui triturat, in spe fructus percipiendi.	η δι ημας παντως λεγει δι ημας γαρ εγραφη οτι επ ελπιδι οφειλει ο αροτριων αροτριαν και ο αλοων της ελπιδος αυτου μετεχειν επ ελπιδι 	Or saith he it altogether for our sakes? For our sakes, no doubt, this is written: that he that ploweth should plow in hope; and that he that thresheth in hope should be partaker of his hope.
1Cor	9	11			si nos vobis spiritalia seminavimus magnum est si nos carnalia vestra metamus	Si nos vobis spiritualia seminavimus, magnum est si nos carnalia vestra metamus?	ει ημεις υμιν τα πνευματικα εσπειραμεν μεγα ει ημεις υμων τα σαρκικα θερισομεν 	If we have sown unto you spiritual things, is it a great thing if we shall reap your carnal things?
1Cor	9	12			si alii potestatis vestrae participes sunt non potius nos sed non usi sumus hac potestate sed omnia sustinemus ne quod offendiculum demus evangelio Christi	Si alii potestatis vestr participes sunt, quare non potius nos? Sed non usi sumus hac potestate: sed omnia sustinemus, ne quod offendiculum demus Evangelio Christi.	ει αλλοι της εξουσιας υμων μετεχουσιν ου μαλλον ημεις αλλ ουκ εχρησαμεθα τη εξουσια ταυτη αλλα παντα στεγομεν ινα μη εγκοπην τινα δωμεν τω ευαγγελιω του χριστου 	If others be partakers of this power over you, are not we rather? Nevertheless we have not used this power; but suffer all things, lest we should hinder the gospel of Christ.
1Cor	9	13			nescitis quoniam qui in sacrario operantur quae de sacrario sunt edunt qui altario deserviunt cum altario participantur	Nescitis quoniam qui in sacrario operantur qu de sacrario sunt, edunt: et qui altari deserviunt, cum altari participant?	ουκ οιδατε οτι οι τα ιερα εργαζομενοι εκ του ιερου εσθιουσιν οι τω θυσιαστηριω προσεδρευοντες τω θυσιαστηριω συμμεριζονται 	Do ye not know that they which minister about holy things live of the things of the temple? and they which wait at the altar are partakers with the altar?
1Cor	9	14			ita et Dominus ordinavit his qui evangelium adnuntiant de evangelio vivere	Ita et Dominus ordinavit iis qui Evangelium annuntiant, de Evangelio vivere.	ουτως και ο κυριος διεταξεν τοις το ευαγγελιον καταγγελλουσιν εκ του ευαγγελιου ζην 	Even so hath the Lord ordained that they which preach the gospel should live of the gospel.
1Cor	9	15			ego autem nullo horum usus sum non scripsi autem haec ut ita fiant in me bonum est enim mihi magis mori quam ut gloriam meam quis evacuet	Ego autem nullo horum usus sum. Non autem scripsi hc ut ita fiant in me: bonum est enim mihi magis mori, quam ut gloriam meam quis evacuet.	εγω δε ουδενι εχρησαμην τουτων ουκ εγραψα δε ταυτα ινα ουτως γενηται εν εμοι καλον γαρ μοι μαλλον αποθανειν η το καυχημα μου ινα τις κενωση 	But I have used none of these things: neither have I written these things, that it should be so done unto me: for it were better for me to die, than that any man should make my glorying void.
1Cor	9	16			nam si evangelizavero non est mihi gloria necessitas enim mihi incumbit vae enim mihi est si non evangelizavero	Nam si evangelizavero, non est mihi gloria: necessitas enim mihi incumbit: v enim mihi est, si non evangelizavero.	εαν γαρ ευαγγελιζωμαι ουκ εστιν μοι καυχημα αναγκη γαρ μοι επικειται ουαι δε μοι εστιν εαν μη ευαγγελιζωμαι 	For though I preach the gospel, I have nothing to glory of: for necessity is laid upon me; yea, woe is unto me, if I preach not the gospel!
1Cor	9	17			si enim volens hoc ago mercedem habeo si autem invitus dispensatio mihi credita est	Si enim volens hoc ago, mercedem habeo: si autem invitus, dispensatio mihi credita est.	ει γαρ εκων τουτο πρασσω μισθον εχω ει δε ακων οικονομιαν πεπιστευμαι 	For if I do this thing willingly, I have a reward: but if against my will, a dispensation of the gospel is committed unto me.
1Cor	9	18			quae est ergo merces mea ut evangelium praedicans sine sumptu ponam evangelium ut non abutar potestate mea in evangelio	Qu est ergo merces mea? ut Evangelium prdicans, sine sumptu ponam Evangelium, ut non abutar potestate mea in Evangelio.	τις ουν μοι εστιν ο μισθος ινα ευαγγελιζομενος αδαπανον θησω το ευαγγελιον του χριστου εις το μη καταχρησασθαι τη εξουσια μου εν τω ευαγγελιω 	What is my reward then? Verily that, when I preach the gospel, I may make the gospel of Christ without charge, that I abuse not my power in the gospel.
1Cor	9	19			nam cum liber essem ex omnibus omnium me servum feci ut plures lucri facerem	Nam cum liber essem ex omnibus, omnium me servum feci, ut plures lucrifacerem.	ελευθερος γαρ ων εκ παντων πασιν εμαυτον εδουλωσα ινα τους πλειονας κερδησω 	For though I be free from all men, yet have I made myself servant unto all, that I might gain the more.
1Cor	9	20			et factus sum Iudaeis tamquam Iudaeus ut Iudaeos lucrarer	Et factus sum Judis tamquam Judus, ut Judos lucrarer:	και εγενομην τοις ιουδαιοις ως ιουδαιος ινα ιουδαιους κερδησω τοις υπο νομον ως υπο νομον ινα τους υπο νομον κερδησω 	And unto the Jews I became as a Jew, that I might gain the Jews; to them that are under the law, as under the law, that I might gain them that are under the law;
1Cor	9	21			his qui sub lege sunt quasi sub lege essem cum ipse non essem sub lege ut eos qui sub lege erant lucri facerem his qui sine lege erant tamquam sine lege essem cum sine lege Dei non essem sed in lege essem Christi ut lucri facerem eos qui sine lege erant	iis qui sub lege sunt, quasi sub lege essem (cum ipse non essem sub lege) ut eos qui sub lege erant, lucrifacerem: iis qui sine lege erant, tamquam sine lege essem (cum sine lege Dei non essem: sed in lege essem Christi) ut lucrifacerem eos qui sine lege erant.	τοις ανομοις ως ανομος μη ων ανομος θεω αλλ εννομος χριστω ινα κερδησω ανομους 	To them that are without law, as without law, (being not without law to God, but under the law to Christ,) that I might gain them that are without law.
1Cor	9	22			factus sum infirmis infirmus ut infirmos lucri facerem omnibus omnia factus sum ut omnes facerem salvos	Factus sum infirmis infirmus, ut infirmos lucrifacerem. Omnibus omnia factus sum, ut omnes facerem salvos.	εγενομην τοις ασθενεσιν ως ασθενης ινα τους ασθενεις κερδησω τοις πασιν γεγονα τα παντα ινα παντως τινας σωσω 	To the weak became I as weak, that I might gain the weak: I am made all things to all men, that I might by all means save some.
1Cor	9	23			omnia autem facio propter evangelium ut particeps eius efficiar	Omnia autem facio propter Evangelium: ut particeps ejus efficiar.	τουτο δε ποιω δια το ευαγγελιον ινα συγκοινωνος αυτου γενωμαι 	And this I do for the gospel's sake, that I might be partaker thereof with you.
1Cor	9	24			nescitis quod hii qui in stadio currunt omnes quidem currunt sed unus accipit bravium sic currite ut conprehendatis	Nescitis quod ii qui in stadio currunt, omnes quidem currunt, sed unus accipit bravium? Sic currite ut comprehendatis.	ουκ οιδατε οτι οι εν σταδιω τρεχοντες παντες μεν τρεχουσιν εις δε λαμβανει το βραβειον ουτως τρεχετε ινα καταλαβητε 	Know ye not that they which run in a race run all, but one receiveth the prize? So run, that ye may obtain.
1Cor	9	25			omnis autem qui in agone contendit ab omnibus se abstinet et illi quidem ut corruptibilem coronam accipiant nos autem incorruptam	Omnis autem qui in agone contendit, ab omnibus se abstinet, et illi quidem ut corruptibilem coronam accipiant: nos autem incorruptam.	πας δε ο αγωνιζομενος παντα εγκρατευεται εκεινοι μεν ουν ινα φθαρτον στεφανον λαβωσιν ημεις δε αφθαρτον 	And every man that striveth for the mastery is temperate in all things. Now they do it to obtain a corruptible crown; but we an incorruptible.
1Cor	9	26			ego igitur sic curro non quasi in incertum sic pugno non quasi aerem verberans	Ego igitur sic curro, non quasi in incertum: sic pugno, non quasi arem verberans:	εγω τοινυν ουτως τρεχω ως ουκ αδηλως ουτως πυκτευω ως ουκ αερα δερων 	I therefore so run, not as uncertainly; so fight I, not as one that beateth the air:
1Cor	9	27			sed castigo corpus meum et in servitutem redigo ne forte cum aliis praedicaverim ipse reprobus efficiar	sed castigo corpus meum, et in servitutem redigo: ne forte cum aliis prdicaverim, ipse reprobus efficiar.	αλλ υπωπιαζω μου το σωμα και δουλαγωγω μηπως αλλοις κηρυξας αυτος αδοκιμος γενωμαι   	But I keep under my body, and bring it into subjection: lest that by any means, when I have preached to others, I myself should be a castaway.
1Cor	10	1			nolo enim vos ignorare fratres quoniam patres nostri omnes sub nube fuerunt et omnes mare transierunt	Nolo enim vos ignorare fratres, quoniam patres nostri omnes sub nube fuerunt, et omnes mare transierunt,	ου θελω δε υμας αγνοειν αδελφοι οτι οι πατερες ημων παντες υπο την νεφελην ησαν και παντες δια της θαλασσης διηλθον 	Moreover, brethren, I would not that ye should be ignorant, how that all our fathers were under the cloud, and all passed through the sea;
1Cor	10	2			et omnes in Mose baptizati sunt in nube et in mari	et omnes in Moyse baptizati sunt in nube, et in mari:	και παντες εις τον μωσην εβαπτισαντο εν τη νεφελη και εν τη θαλασση 	And were all baptized unto Moses in the cloud and in the sea;
1Cor	10	3			et omnes eandem escam spiritalem manducaverunt	et omnes eamdem escam spiritalem manducaverunt,	και παντες το αυτο βρωμα πνευματικον εφαγον 	And did all eat the same spiritual meat;
1Cor	10	4			et omnes eundem potum spiritalem biberunt bibebant autem de spiritali consequenti eos petra petra autem erat Christus	et omnes eumdem potum spiritalem biberunt (bibebant autem de spiritali, consequente eos, petra: petra autem erat Christus):	και παντες το αυτο πομα πνευματικον επιον επινον γαρ εκ πνευματικης ακολουθουσης πετρας η δε πετρα ην ο χριστος 	And did all drink the same spiritual drink: for they drank of that spiritual Rock that followed them: and that Rock was Christ.
1Cor	10	5			sed non in pluribus eorum beneplacitum est Deo nam prostrati sunt in deserto	sed non in pluribus eorum beneplacitum est Deo: nam prostrati sunt in deserto.	αλλ ουκ εν τοις πλειοσιν αυτων ευδοκησεν ο θεος κατεστρωθησαν γαρ εν τη ερημω 	But with many of them God was not well pleased: for they were overthrown in the wilderness.
1Cor	10	6			haec autem in figura facta sunt nostri ut non simus concupiscentes malorum sicut et illi concupierunt	Hc autem in figura facta sunt nostri, ut non simus concupiscentes malorum, sicut et illi concupierunt.	ταυτα δε τυποι ημων εγενηθησαν εις το μη ειναι ημας επιθυμητας κακων καθως κακεινοι επεθυμησαν 	Now these things were our examples, to the intent we should not lust after evil things, as they also lusted.
1Cor	10	7			neque idolorum cultores efficiamini sicut quidam ex ipsis quemadmodum scriptum est sedit populus manducare et bibere et surrexerunt ludere	Neque idololatr efficiamini, sicut quidam ex ipsis: quemadmodum scriptum est: Sedit populus manducare, et bibere, et surrexerunt ludere.	μηδε ειδωλολατραι γινεσθε καθως τινες αυτων ως γεγραπται εκαθισεν ο λαος φαγειν και πιειν και ανεστησαν παιζειν 	Neither be ye idolaters, as were some of them; as it is written, The people sat down to eat and drink, and rose up to play.
1Cor	10	8			neque fornicemur sicut quidam ex ipsis fornicati sunt et ceciderunt una die viginti tria milia	Neque fornicemur, sicut quidam ex ipsis fornicati sunt, et ceciderunt una die viginti tria millia.	μηδε πορνευωμεν καθως τινες αυτων επορνευσαν 4203 και επεσον εν μια ημερα εικοσιτρεις  χιλιαδες 	Neither let us commit fornication, as some of them committed, and fell in one day three and twenty thousand.
1Cor	10	9			neque temptemus Christum sicut quidam eorum temptaverunt et a serpentibus perierunt	Neque tentemus Christum, sicut quidam eorum tentaverunt, et a serpentibus perierunt.	μηδε εκπειραζωμεν τον χριστον καθως και τινες αυτων επειρασαν και υπο των οφεων απωλοντο 	Neither let us tempt Christ, as some of them also tempted, and were destroyed of serpents.
1Cor	10	10			neque murmuraveritis sicut quidam eorum murmuraverunt et perierunt ab exterminatore	Neque murmuraveritis, sicut quidam eorum murmuraverunt, et perierunt ab exterminatore.	μηδε γογγυζετε καθως και τινες αυτων εγογγυσαν και απωλοντο υπο του ολοθρευτου 	Neither murmur ye, as some of them also murmured, and were destroyed of the destroyer.
1Cor	10	11			haec autem omnia in figura contingebant illis scripta sunt autem ad correptionem nostram in quos fines saeculorum devenerunt	Hc autem omnia in figura contingebant illis: scripta sunt autem ad correptionem nostram, in quos fines sculorum devenerunt.	ταυτα δε παντα τυποι συνεβαινον εκεινοις εγραφη δε προς νουθεσιαν ημων εις ους τα τελη των αιωνων κατηντησεν 	Now all these things happened unto them for examples: and they are written for our admonition, upon whom the ends of the world are come.
1Cor	10	12			itaque qui se existimat stare videat ne cadat	Itaque qui se existimat stare, videat ne cadat.	ωστε ο δοκων εσταναι βλεπετω μη πεση 	Wherefore let him that thinketh he standeth take heed lest he fall.
1Cor	10	13			temptatio vos non adprehendat nisi humana fidelis autem Deus qui non patietur vos temptari super id quod potestis sed faciet cum temptatione etiam proventum ut possitis sustinere	Tentatio vos non apprehendat nisi humana: fidelis autem Deus est, qui non patietur vos tentari supra id quod potestis, sed faciet etiam cum tentatione proventum ut possitis sustinere.	πειρασμος υμας ουκ ειληφεν ει μη ανθρωπινος πιστος δε ο θεος ος ουκ εασει υμας πειρασθηναι υπερ ο δυνασθε αλλα ποιησει συν τω πειρασμω και την εκβασιν του δυνασθαι υμας υπενεγκειν 	There hath no temptation taken you but such as is common to man: but God is faithful, who will not suffer you to be tempted above that ye are able; but will with the temptation also make a way to escape, that ye may be able to bear it.
1Cor	10	14			propter quod carissimi mihi fugite ab idolorum cultura	Propter quod, carissimi mihi, fugite ab idolorum cultura:	διοπερ αγαπητοι μου φευγετε απο της ειδωλολατρειας 	Wherefore, my dearly beloved, flee from idolatry.
1Cor	10	15			ut prudentibus loquor vos iudicate quod dico	ut prudentibus loquor, vos ipsi judicate quod dico.	ως φρονιμοις λεγω κρινατε υμεις ο φημι 	I speak as to wise men; judge ye what I say.
1Cor	10	16			calicem benedictionis cui benedicimus nonne communicatio sanguinis Christi est et panis quem frangimus nonne participatio corporis Domini est	Calix benedictionis, cui benedicimus, nonne communicatio sanguinis Christi est? et panis quem frangimus, nonne participatio corporis Domini est?	το ποτηριον της ευλογιας ο ευλογουμεν ουχι κοινωνια του αιματος του χριστου εστιν τον αρτον ον κλωμεν ουχι κοινωνια του σωματος του χριστου εστιν 	The cup of blessing which we bless, is it not the communion of the blood of Christ? The bread which we break, is it not the communion of the body of Christ?
1Cor	10	17			quoniam unus panis unum corpus multi sumus omnes quidem de uno pane participamur	Quoniam unus panis, unum corpus multi sumus, omnes qui de uno pane participamus.	οτι εις αρτος εν σωμα οι πολλοι εσμεν οι γαρ παντες εκ του ενος αρτου μετεχομεν 	For we being many are one bread, and one body: for we are all partakers of that one bread.
1Cor	10	18			videte Israhel secundum carnem nonne qui edunt hostias participes sunt altaris	Videte Isral secundum carnem: nonne qui edunt hostias, participes sunt altaris?	βλεπετε τον ισραηλ κατα σαρκα ουχι οι εσθιοντες τας θυσιας κοινωνοι του θυσιαστηριου εισιν 	Behold Israel after the flesh: are not they which eat of the sacrifices partakers of the altar?
1Cor	10	19			quid ergo dico quod idolis immolatum sit aliquid aut quod idolum sit aliquid	Quid ergo? dico quod idolis immolatum sit aliquid? aut quod idolum, sit aliquid?	τι ουν φημι οτι ειδωλον τι εστιν η οτι ειδωλοθυτον τι εστιν 	What say I then? that the idol is any thing, or that which is offered in sacrifice to idols is any thing?
1Cor	10	20			sed quae immolant gentes daemoniis immolant et non Deo nolo autem vos socios fieri daemoniorum non potestis calicem Domini bibere et calicem daemoniorum	Sed qu immolant gentes, dmoniis immolant, et non Deo. Nolo autem vos socios fieri dmoniorum:	αλλ οτι α θυει τα εθνη δαιμονιοις θυει και ου θεω ου θελω δε υμας κοινωνους των δαιμονιων γινεσθαι 	But I say, that the things which the Gentiles sacrifice, they sacrifice to devils, and not to God: and I would not that ye should have fellowship with devils.
1Cor	10	21			non potestis mensae Domini participes esse et mensae daemoniorum	non potestis calicem Domini bibere, et calicem dmoniorum; non potestis mens Domini participes esse, et mens dmoniorum.	ου δυνασθε ποτηριον κυριου πινειν και ποτηριον δαιμονιων ου δυνασθε τραπεζης κυριου μετεχειν και τραπεζης δαιμονιων 	Ye cannot drink the cup of the Lord, and the cup of devils: ye cannot be partakers of the Lord's table, and of the table of devils.
1Cor	10	22			an aemulamur Dominum numquid fortiores illo sumus omnia licent sed non omnia expediunt	An mulamur Dominum? numquid fortiores illo sumus? Omnia mihi licent, sed non omnia expediunt.	η παραζηλουμεν τον κυριον μη ισχυροτεροι αυτου εσμεν 	Do we provoke the Lord to jealousy? are we stronger than he?
1Cor	10	23			omnia licent sed non omnia aedificant	Omnia mihi licent, sed non omnia dificat.	παντα μοι εξεστιν αλλ ου παντα συμφερει παντα μοι εξεστιν αλλ ου παντα οικοδομει 	All things are lawful for me, but all things are not expedient: all things are lawful for me, but all things edify not.
1Cor	10	24			nemo quod suum est quaerat sed quod alterius	Nemo quod suum est qurat, sed quod alterius.	μηδεις το εαυτου ζητειτω αλλα το του ετερου εκαστος 	Let no man seek his own, but every man another's wealth.
1Cor	10	25			omne quod in macello venit manducate nihil interrogantes propter conscientiam	Omne quod in macello venit, manducate, nihil interrogantes propter conscientiam.	παν το εν μακελλω πωλουμενον εσθιετε μηδεν ανακρινοντες δια την συνειδησιν 	Whatsoever is sold in the shambles, that eat, asking no question for conscience sake:
1Cor	10	26			Domini est terra et plenitudo eius	Domini est terra, et plenitudo ejus.	του γαρ κυριου η γη και το πληρωμα αυτης 	For the earth is the Lord's, and the fulness thereof.
1Cor	10	27			si quis vocat vos infidelium et vultis ire omne quod vobis adponitur manducate nihil interrogantes propter conscientiam	Si quis vocat vos infidelium, et vultis ire: omne quod vobis apponitur, manducate, nihil interrogantes propter conscientiam.	ει δε τις καλει υμας των απιστων και θελετε πορευεσθαι παν το παρατιθεμενον υμιν εσθιετε μηδεν ανακρινοντες δια την συνειδησιν 	If any of them that believe not bid you to a feast, and ye be disposed to go; whatsoever is set before you, eat, asking no question for conscience sake.
1Cor	10	28			si quis autem dixerit hoc immolaticium est idolis nolite manducare propter illum qui indicavit et propter conscientiam	Si quis autem dixerit: Hoc immolatum est idolis: nolite manducare propter illum qui indicavit, et propter conscientiam:	εαν δε τις υμιν ειπη τουτο ειδωλοθυτον εστιν μη εσθιετε δι εκεινον τον μηνυσαντα και την συνειδησιν του γαρ κυριου η γη και το πληρωμα αυτης 	But if any man say unto you, this is offered in sacrifice unto idols, eat not for his sake that shewed it, and for conscience sake: for the earth is the Lord's, and the fulness thereof:
1Cor	10	29			conscientiam autem dico non tuam sed alterius ut quid enim libertas mea iudicatur ab alia conscientia	conscientiam autem dico non tuam, sed alterius. Ut quid enim libertas mea judicatur ab aliena conscientia?	συνειδησιν δε λεγω ουχι την εαυτου αλλα την του ετερου ινα τι γαρ η ελευθερια μου κρινεται υπο αλλης συνειδησεως 	Conscience, I say, not thine own, but of the other: for why is my liberty judged of another man's conscience?
1Cor	10	30			si ego cum gratia participo quid blasphemor pro eo quod gratias ago	Si ego cum gratia participo, quid blasphemor pro eo quod gratias ago?	ει δε εγω χαριτι μετεχω τι βλασφημουμαι υπερ ου εγω ευχαριστω 	For if I by grace be a partaker, why am I evil spoken of for that for which I give thanks?
1Cor	10	31			sive ergo manducatis sive bibitis vel aliud quid facitis omnia in gloriam Dei facite	Sive ergo manducatis, sive bibitis, sive aliud quid facitis: omnia in gloriam Dei facite.	ειτε ουν εσθιετε ειτε πινετε ειτε τι ποιειτε παντα εις δοξαν θεου ποιειτε 	Whether therefore ye eat, or drink, or whatsoever ye do, do all to the glory of God.
1Cor	10	32			sine offensione estote Iudaeis et gentilibus et ecclesiae Dei	Sine offensione estote Judis, et gentibus, et ecclesi Dei:	απροσκοποι γινεσθε και ιουδαιοις και ελλησιν και τη εκκλησια του θεου 	Give none offence, neither to the Jews, nor to the Gentiles, nor to the church of God:
1Cor	10	33			sicut et ego per omnia omnibus placeo non quaerens quod mihi utile est sed quod multis ut salvi fiant	sicut et ego per omnia omnibus placeo, non qurens quod mihi utile est, sed quod multis: ut salvi fiant.	καθως καγω παντα πασιν αρεσκω μη ζητων το εμαυτου συμφερον αλλα το των πολλων ινα σωθωσιν   	Even as I please all men in all things, not seeking mine own profit, but the profit of many, that they may be saved.
1Cor	11	1			imitatores mei estote sicut et ego Christi	Imitatores mei estote, sicut et ego Christi.	μιμηται μου γινεσθε καθως καγω χριστου 	Be ye followers of me, even as I also am of Christ.
1Cor	11	2			laudo autem vos fratres quod omnia mei memores estis et sicut tradidi vobis praecepta mea tenetis	Laudo autem vos fratres quod per omnia mei memores estis: et sicut tradidi vobis, prcepta mea tenetis.	επαινω δε υμας αδελφοι οτι παντα μου μεμνησθε και καθως παρεδωκα υμιν τας παραδοσεις κατεχετε 	Now I praise you, brethren, that ye remember me in all things, and keep the ordinances, as I delivered them to you.
1Cor	11	3			volo autem vos scire quod omnis viri caput Christus est caput autem mulieris vir caput vero Christi Deus	Volo autem vos scire quod omnis viri caput, Christus est: caput autem mulieris, vir: caput vero Christi, Deus.	θελω δε υμας ειδεναι οτι παντος ανδρος η κεφαλη ο χριστος εστιν κεφαλη δε γυναικος ο ανηρ κεφαλη δε χριστου ο θεος 	But I would have you know, that the head of every man is Christ; and the head of the woman is the man; and the head of Christ is God.
1Cor	11	4			omnis vir orans aut prophetans velato capite deturpat caput suum	Omnis vir orans, aut prophetans velato capite, deturpat caput suum.	πας ανηρ προσευχομενος η προφητευων κατα κεφαλης εχων καταισχυνει την κεφαλην αυτου 	Every man praying or prophesying, having his head covered, dishonoureth his head.
1Cor	11	5			omnis autem mulier orans aut prophetans non velato capite deturpat caput suum unum est enim atque si decalvetur	Omnis autem mulier orans, aut prophetans non velato capite, deturpat caput suum: unum enim est ac si decalvetur.	πασα δε γυνη προσευχομενη η προφητευουσα ακατακαλυπτω τη κεφαλη καταισχυνει την κεφαλην εαυτης εν γαρ εστιν και το αυτο τη εξυρημενη 	But every woman that prayeth or prophesieth with her head uncovered dishonoureth her head: for that is even all one as if she were shaven.
1Cor	11	6			nam si non velatur mulier et tondeatur si vero turpe est mulieri tonderi aut decalvari velet caput suum	Nam si non velatur mulier, tondeatur. Si vero turpe est mulieri tonderi, aut decalvari, velet caput suum.	ει γαρ ου κατακαλυπτεται γυνη και κειρασθω ει δε αισχρον γυναικι το κειρασθαι η ξυρασθαι κατακαλυπτεσθω 	For if the woman be not covered, let her also be shorn: but if it be a shame for a woman to be shorn or shaven, let her be covered.
1Cor	11	7			vir quidem non debet velare caput quoniam imago et gloria est Dei mulier autem gloria viri est	Vir quidem non debet velare caput suum: quoniam imago et gloria Dei est, mulier autem gloria viri est.	ανηρ μεν γαρ ουκ οφειλει κατακαλυπτεσθαι την κεφαλην εικων και δοξα θεου υπαρχων γυνη δε δοξα ανδρος εστιν 	For a man indeed ought not to cover his head, forasmuch as he is the image and glory of God: but the woman is the glory of the man.
1Cor	11	8			non enim vir ex muliere est sed mulier ex viro	Non enim vir ex muliere est, sed mulier ex viro.	ου γαρ εστιν ανηρ εκ γυναικος αλλα γυνη εξ ανδρος 	For the man is not of the woman: but the woman of the man.
1Cor	11	9			etenim non est creatus vir propter mulierem sed mulier propter virum	Etenim non est creatus vir propter mulierem, sed mulier propter virum.	και γαρ ουκ εκτισθη ανηρ δια την γυναικα αλλα γυνη δια τον ανδρα 	Neither was the man created for the woman; but the woman for the man.
1Cor	11	10			ideo debet mulier potestatem habere supra caput propter angelos	Ideo debet mulier potestatem habere supra caput propter angelos.	δια τουτο οφειλει η γυνη εξουσιαν εχειν επι της κεφαλης δια τους αγγελους 	For this cause ought the woman to have power on her head because of the angels.
1Cor	11	11			verumtamen neque vir sine muliere neque mulier sine viro in Domino	Verumtamen neque vir sine muliere: neque mulier sine viro in Domino.	πλην ουτε ανηρ χωρις γυναικος ουτε γυνη χωρις ανδρος εν κυριω 	Nevertheless neither is the man without the woman, neither the woman without the man, in the Lord.
1Cor	11	12			nam sicut mulier de viro ita et vir per mulierem omnia autem ex Deo	Nam sicut mulier de viro, ita et vir per mulierem: omnia autem ex Deo.	ωσπερ γαρ η γυνη εκ του ανδρος ουτως και ο ανηρ δια της γυναικος τα δε παντα εκ του θεου 	For as the woman is of the man, even so is the man also by the woman; but all things of God.
1Cor	11	13			vos ipsi iudicate decet mulierem non velatam orare Deum	Vos ipsi judicate: decet mulierem non velatam orare Deum?	εν υμιν αυτοις κρινατε πρεπον εστιν γυναικα ακατακαλυπτον τω θεω προσευχεσθαι 	Judge in yourselves: is it comely that a woman pray unto God uncovered?
1Cor	11	14			nec ipsa natura docet vos quod vir quidem si comam nutriat ignominia est illi	Nec ipsa natura docet vos, quod vir quidem si comam nutriat, ignominia est illi:	η ουδε αυτη η φυσις διδασκει υμας οτι ανηρ μεν εαν κομα ατιμια αυτω εστιν 	Doth not even nature itself teach you, that, if a man have long hair, it is a shame unto him?
1Cor	11	15			mulier vero si comam nutriat gloria est illi quoniam capilli pro velamine ei dati sunt	mulier vero si comam nutriat, gloria est illi: quoniam capilli pro velamine ei dati sunt.	γυνη δε εαν κομα δοξα αυτη εστιν οτι η κομη αντι περιβολαιου δεδοται αυτη 	But if a woman have long hair, it is a glory to her: for her hair is given her for a covering.
1Cor	11	16			si quis autem videtur contentiosus esse nos talem consuetudinem non habemus neque ecclesiae Dei	Si quis autem videtur contentiosus esse: nos talem consuetudinem non habemus, neque ecclesia Dei.	ει δε τις δοκει φιλονεικος ειναι ημεις τοιαυτην συνηθειαν ουκ εχομεν ουδε αι εκκλησιαι του θεου 	But if any man seem to be contentious, we have no such custom, neither the churches of God.
1Cor	11	17			hoc autem praecipio non laudans quod non in melius sed in deterius convenitis	Hoc autem prcipio: non laudans quod non in melius, sed in deterius convenitis.	τουτο δε παραγγελλων ουκ επαινω οτι ουκ εις το κρειττον αλλ εις το ηττον συνερχεσθε 	Now in this that I declare unto you I praise you not, that ye come together not for the better, but for the worse.
1Cor	11	18			primum quidem convenientibus vobis in ecclesia audio scissuras esse et ex parte credo	Primum quidem convenientibus vobis in ecclesiam, audio scissuras esse inter vos, et ex parte credo.	πρωτον μεν γαρ συνερχομενων υμων εν τη εκκλησια ακουω σχισματα εν υμιν υπαρχειν και μερος τι πιστευω 	For first of all, when ye come together in the church, I hear that there be divisions among you; and I partly believe it.
1Cor	11	19			nam oportet et hereses esse ut et qui probati sunt manifesti fiant in vobis	Nam oportet et hreses esse, ut et qui probati sunt, manifesti fiant in vobis.	δει γαρ και αιρεσεις εν υμιν ειναι ινα οι δοκιμοι φανεροι γενωνται εν υμιν 	For there must be also heresies among you, that they which are approved may be made manifest among you.
1Cor	11	20			convenientibus ergo vobis in unum iam non est dominicam cenam manducare	Convenientibus ergo vobis in unum, jam non est Dominicam cnam manducare.	συνερχομενων ουν υμων επι το αυτο ουκ εστιν κυριακον δειπνον φαγειν 	When ye come together therefore into one place, this is not to eat the Lord's supper.
1Cor	11	21			unusquisque enim suam cenam praesumit ad manducandum et alius quidem esurit alius autem ebrius est	Unusquisque enim suam cnam prsumit ad manducandum, et alius quidem esurit, alius autem ebrius est.	εκαστος γαρ το ιδιον δειπνον προλαμβανει εν τω φαγειν και ος μεν πεινα ος δε μεθυει 	For in eating every one taketh before other his own supper: and one is hungry, and another is drunken.
1Cor	11	22			numquid domos non habetis ad manducandum et bibendum aut ecclesiam Dei contemnitis et confunditis eos qui non habent quid dicam vobis laudo vos in hoc non laudo	Numquid domos non habetis ad manducandum, et bibendum? aut ecclesiam Dei contemnitis, et confunditis eos qui non habent? Quid dicam vobis? laudo vos? in hoc non laudo.	μη γαρ οικιας ουκ εχετε εις το εσθιειν και πινειν η της εκκλησιας του θεου καταφρονειτε και καταισχυνετε τους μη εχοντας τι υμιν ειπω επαινεσω υμας εν τουτω ουκ επαινω 	What? have ye not houses to eat and to drink in? or despise ye the church of God, and shame them that have not? what shall I say to you? shall I praise you in this? I praise you not.
1Cor	11	23			ego enim accepi a Domino quod et tradidi vobis quoniam Dominus Iesus in qua nocte tradebatur accepit panem	Ego enim accepi a Domino quod et tradidi vobis, quoniam Dominus Jesus in qua nocte tradebatur, accepit panem,	εγω γαρ παρελαβον απο του κυριου ο και παρεδωκα υμιν οτι ο κυριος ιησους εν τη νυκτι η παρεδιδοτο ελαβεν αρτον 	For I have received of the Lord that which also I delivered unto you, that the Lord Jesus the same night in which he was betrayed took bread:
1Cor	11	24			et gratias agens fregit et dixit hoc est corpus meum pro vobis hoc facite in meam commemorationem	et gratias agens fregit, et dixit: Accipite, et manducate: hoc est corpus meum, quod pro vobis tradetur: hoc facite in meam commemorationem.	και ευχαριστησας εκλασεν και ειπεν λαβετε φαγετε τουτο μου εστιν το σωμα το υπερ υμων κλωμενον τουτο ποιειτε εις την εμην αναμνησιν 	And when he had given thanks, he brake it, and said, Take, eat: this is my body, which is broken for you: this do in remembrance of me.
1Cor	11	25			similiter et calicem postquam cenavit dicens hic calix novum testamentum est in meo sanguine hoc facite quotienscumque bibetis in meam commemorationem	Similiter et calicem, postquam cnavit, dicens: Hic calix novum testamentum est in meo sanguine: hoc facite quotiescumque bibetis, in meam commemorationem.	ωσαυτως και το ποτηριον μετα το δειπνησαι λεγων τουτο το ποτηριον η καινη διαθηκη εστιν εν τω εμω αιματι τουτο ποιειτε οσακις αν πινητε εις την εμην αναμνησιν 	After the same manner also he took the cup, when he had supped, saying, this cup is the new testament in my blood: this do ye, as oft as ye drink it, in remembrance of me.
1Cor	11	26			quotienscumque enim manducabitis panem hunc et calicem bibetis mortem Domini adnuntiatis donec veniat	Quotiescumque enim manducabitis panem hunc, et calicem bibetis, mortem Domini annuntiabitis donec veniat.	οσακις γαρ αν εσθιητε τον αρτον τουτον και το ποτηριον τουτο πινητε τον θανατον του κυριου καταγγελλετε αχρις ου αν ελθη 	For as often as ye eat this bread, and drink this cup, ye do shew the Lord's death till he come.
1Cor	11	27			itaque quicumque manducaverit panem vel biberit calicem Domini indigne reus erit corporis et sanguinis Domini	Itaque quicumque manducaverit panem hunc, vel biberit calicem Domini indigne, reus erit corporis et sanguinis Domini.	ωστε ος αν εσθιη τον αρτον τουτον η πινη το ποτηριον του κυριου αναξιως ενοχος εσται του σωματος και αιματος του κυριου 	Wherefore whosoever shall eat this bread, and drink this cup of the Lord, unworthily, shall be guilty of the body and blood of the Lord.
1Cor	11	28			probet autem se ipsum homo et sic de pane illo edat et de calice bibat	Probet autem seipsum homo: et sic de pane illo edat, et de calice bibat.	δοκιμαζετω δε ανθρωπος εαυτον και ουτως εκ του αρτου εσθιετω και εκ του ποτηριου πινετω 	But let a man examine himself, and so let him eat of that bread, and drink of that cup.
1Cor	11	29			qui enim manducat et bibit indigne iudicium sibi manducat et bibit non diiudicans corpus	Qui enim manducat et bibit indigne, judicium sibi manducat et bibit, non dijudicans corpus Domini.	ο γαρ εσθιων και πινων αναξιως κριμα εαυτω εσθιει και πινει μη διακρινων το σωμα του κυριου 	For he that eateth and drinketh unworthily, eateth and drinketh damnation to himself, not discerning the Lord's body.
1Cor	11	30			ideo inter vos multi infirmes et inbecilles et dormiunt multi	Ideo inter vos multi infirmi et imbecilles, et dormiunt multi.	δια τουτο εν υμιν πολλοι ασθενεις και αρρωστοι και κοιμωνται ικανοι 	For this cause many are weak and sickly among you, and many sleep.
1Cor	11	31			quod si nosmet ipsos diiudicaremus non utique iudicaremur	Quod si nosmetipsos dijudicaremus, non utique judicaremur.	ει γαρ εαυτους διεκρινομεν ουκ αν εκρινομεθα 	For if we would judge ourselves, we should not be judged.
1Cor	11	32			dum iudicamur autem a Domino corripimur ut non cum hoc mundo damnemur	Dum judicamur autem, a Domino corripimur, ut non cum hoc mundo damnemur.	κρινομενοι δε υπο κυριου παιδευομεθα ινα μη συν τω κοσμω κατακριθωμεν 	But when we are judged, we are chastened of the Lord, that we should not be condemned with the world.
1Cor	11	33			itaque fratres mei cum convenitis ad manducandum invicem expectate	Itaque fratres mei, cum convenitis ad manducandum, invicem exspectate.	ωστε αδελφοι μου συνερχομενοι εις το φαγειν αλληλους εκδεχεσθε 	Wherefore, my brethren, when ye come together to eat, tarry one for another.
1Cor	11	34			si quis esurit domi manducet ut non in iudicium conveniatis cetera autem cum venero disponam	Si quis esurit, domi manducet, ut non in judicium conveniatis. Cetera autem, cum venero, disponam.	ει δε τις πεινα εν οικω εσθιετω ινα μη εις κριμα συνερχησθε τα δε λοιπα ως αν ελθω διαταξομαι   	And if any man hunger, let him eat at home; that ye come not together unto condemnation. And the rest will I set in order when I come.
1Cor	12	1			de spiritalibus autem nolo vos ignorare fratres	De spiritualibus autem, nolo vos ignorare fratres.	περι δε των πνευματικων αδελφοι ου θελω υμας αγνοειν 	Now concerning spiritual gifts, brethren, I would not have you ignorant.
1Cor	12	2			scitis quoniam cum gentes essetis ad simulacra muta prout ducebamini euntes	Scitis quoniam cum gentes essetis, ad simulacra muta prout ducebamini euntes.	οιδατε οτι εθνη ητε προς τα ειδωλα τα αφωνα ως αν ηγεσθε απαγομενοι 	Ye know that ye were Gentiles, carried away unto these dumb idols, even as ye were led.
1Cor	12	3			ideo notum vobis facio quod nemo in Spiritu Dei loquens dicit anathema Iesu et nemo potest dicere Dominus Iesus nisi in Spiritu Sancto	Ideo notum vobis facio, quod nemo in Spiritu Dei loquens, dicit anathema Jesu. Et nemo potest dicere, Dominus Jesus, nisi in Spiritu Sancto.	διο γνωριζω υμιν οτι ουδεις εν πνευματι θεου λαλων λεγει αναθεμα ιησουν και ουδεις δυναται ειπειν κυριον ιησουν ει μη εν πνευματι αγιω 	Wherefore I give you to understand, that no man speaking by the Spirit of God calleth Jesus accursed: and that no man can say that Jesus is the Lord, but by the Holy Ghost.
1Cor	12	4			divisiones vero gratiarum sunt idem autem Spiritus	Divisiones vero gratiarum sunt, idem autem Spiritus:	διαιρεσεις δε χαρισματων εισιν το δε αυτο πνευμα 	Now there are diversities of gifts, but the same Spirit.
1Cor	12	5			et divisiones ministrationum sunt idem autem Dominus	et divisiones ministrationum sunt, idem autem Dominus:	και διαιρεσεις διακονιων εισιν και ο αυτος κυριος 	And there are differences of administrations, but the same Lord.
1Cor	12	6			et divisiones operationum sunt idem vero Deus qui operatur omnia in omnibus	et divisiones operationum sunt, idem vero Deus qui operatur omnia in omnibus.	και διαιρεσεις ενεργηματων εισιν ο δε αυτος εστιν θεος ο ενεργων τα παντα εν πασιν 	And there are diversities of operations, but it is the same God which worketh all in all.
1Cor	12	7			unicuique autem datur manifestatio Spiritus ad utilitatem	Unicuique autem datur manifestatio Spiritus ad utilitatem.	εκαστω δε διδοται η φανερωσις του πνευματος προς το συμφερον 	But the manifestation of the Spirit is given to every man to profit withal.
1Cor	12	8			alii quidem per Spiritum datur sermo sapientiae alii autem sermo scientiae secundum eundem Spiritum	Alii quidem per Spiritum datur sermo sapienti: alii autem sermo scienti secundum eumdem Spiritum:	ω μεν γαρ δια του πνευματος διδοται λογος σοφιας αλλω δε λογος γνωσεως κατα το αυτο πνευμα 	For to one is given by the Spirit the word of wisdom; to another the word of knowledge by the same Spirit;
1Cor	12	9			alteri fides in eodem Spiritu alii gratia sanitatum in uno Spiritu	alteri fides in eodem Spiritu: alii gratia sanitatum in uno Spiritu:	ετερω δε πιστις εν τω αυτω πνευματι αλλω δε χαρισματα ιαματων εν τω αυτω πνευματι 	To another faith by the same Spirit; to another the gifts of healing by the same Spirit;
1Cor	12	10			alii operatio virtutum alii prophetatio alii discretio spirituum alii genera linguarum alii interpretatio sermonum	alii operatio virtutum, alii prophetia, alii discretio spirituum, alii genera linguarum, alii interpretatio sermonum.	αλλω δε ενεργηματα δυναμεων αλλω δε προφητεια αλλω δε διακρισεις πνευματων ετερω δε γενη γλωσσων αλλω δε ερμηνεια γλωσσων 	To another the working of miracles; to another prophecy; to another discerning of spirits; to another divers kinds of tongues; to another the interpretation of tongues:
1Cor	12	11			haec autem omnia operatur unus atque idem Spiritus dividens singulis prout vult	Hc autem omnia operantur unus atque idem Spiritus, dividens singulis prout vult.	παντα δε ταυτα ενεργει το εν και το αυτο πνευμα διαιρουν ιδια εκαστω καθως βουλεται 	But all these worketh that one and the selfsame Spirit, dividing to every man severally as he will.
1Cor	12	12			sicut enim corpus unum est et membra habet multa omnia autem membra corporis cum sint multa unum corpus sunt ita et Christus	Sicut enim corpus unum est, et membra habet multa, omnia autem membra corporis cum sint multa, unum tamen corpus sunt: ita et Christus.	καθαπερ γαρ το σωμα εν εστιν και μελη εχει πολλα παντα δε τα μελη του σωματος του ενος πολλα οντα εν εστιν σωμα ουτως και ο χριστος 	For as the body is one, and hath many members, and all the members of that one body, being many, are one body: so also is Christ.
1Cor	12	13			etenim in uno Spiritu omnes nos in unum corpus baptizati sumus sive Iudaei sive gentiles sive servi sive liberi et omnes unum Spiritum potati sumus	Etenim in uno Spiritu omnes nos in unum corpus baptizati sumus, sive Judi, sive gentiles, sive servi, sive liberi: et omnes in uno Spiritu potati sumus.	και γαρ εν ενι πνευματι ημεις παντες εις εν σωμα εβαπτισθημεν ειτε ιουδαιοι ειτε ελληνες ειτε δουλοι ειτε ελευθεροι και παντες εις εν πνευμα εποτισθημεν 	For by one Spirit are we all baptized into one body, whether we be Jews or Gentiles, whether we be bond or free; and have been all made to drink into one Spirit.
1Cor	12	14			nam et corpus non est unum membrum sed multa	Nam et corpus non est unum membrum, sed multa.	και γαρ το σωμα ουκ εστιν εν μελος αλλα πολλα 	For the body is not one member, but many.
1Cor	12	15			si dixerit pes quoniam non sum manus non sum de corpore non ideo non est de corpore	Si dixerit pes: Quoniam non sum manus, non sum de corpore: num ideo non est de corpore?	εαν ειπη ο πους οτι ουκ ειμι χειρ ουκ ειμι εκ του σωματος ου παρα τουτο ουκ εστιν εκ του σωματος 	If the foot shall say, Because I am not the hand, I am not of the body; is it therefore not of the body?
1Cor	12	16			et si dixerit auris quia non sum oculus non sum de corpore non ideo non est de corpore	Et si dixerit auris: Quoniam non sum oculus, non sum de corpore: num ideo est de corpore?	και εαν ειπη το ους οτι ουκ ειμι οφθαλμος ουκ ειμι εκ του σωματος ου παρα τουτο ουκ εστιν εκ του σωματος 	And if the ear shall say, Because I am not the eye, I am not of the body; is it therefore not of the body?
1Cor	12	17			si totum corpus oculus ubi auditus si totum auditus ubi odoratus	Si totum corpus oculus: ubi auditus? Si totum auditus: ubi odoratus?	ει ολον το σωμα οφθαλμος που η ακοη ει ολον ακοη που η οσφρησις 	If the whole body were an eye, where were the hearing? If the whole were hearing, where were the smelling?
1Cor	12	18			nunc autem posuit Deus membra unumquodque eorum in corpore sicut voluit	Nunc autem posuit Deus membra, unumquodque eorum in corpore sicut voluit.	νυνι δε ο θεος εθετο τα μελη εν εκαστον αυτων εν τω σωματι καθως ηθελησεν 	But now hath God set the members every one of them in the body, as it hath pleased him.
1Cor	12	19			quod si essent omnia unum membrum ubi corpus	Quod si essent omnia unum membrum, ubi corpus?	ει δε ην τα παντα εν μελος που το σωμα 	And if they were all one member, where were the body?
1Cor	12	20			nunc autem multa quidem membra unum autem corpus	Nunc autem multa quidem membra, unum autem corpus.	νυν δε πολλα μεν μελη εν δε σωμα 	But now are they many members, yet but one body.
1Cor	12	21			non potest dicere oculus manui opera tua non indigeo aut iterum caput pedibus non estis mihi necessarii	Non potest autem oculus dicere manui: Opera tua non indigeo: aut iterum caput pedibus: Non estis mihi necessarii.	ου δυναται δε οφθαλμος ειπειν τη χειρι χρειαν σου ουκ εχω η παλιν η κεφαλη τοις ποσιν χρειαν υμων ουκ εχω 	And the eye cannot say unto the hand, I have no need of thee: nor again the head to the feet, I have no need of you.
1Cor	12	22			sed multo magis quae videntur membra corporis infirmiora esse necessariora sunt	Sed multo magis qu videntur membra corporis infirmiora esse, necessariora sunt:	αλλα πολλω μαλλον τα δοκουντα μελη του σωματος ασθενεστερα υπαρχειν αναγκαια εστιν 	Nay, much more those members of the body, which seem to be more feeble, are necessary:
1Cor	12	23			et quae putamus ignobiliora membra esse corporis his honorem abundantiorem circumdamus et quae inhonesta sunt nostra abundantiorem honestatem habent	et qu putamus ignobiliora membra esse corporis, his honorem abundantiorem circumdamus: et qu inhonesta sunt nostra, abundantiorem honestatem habent.	και α δοκουμεν ατιμοτερα ειναι του σωματος τουτοις τιμην περισσοτεραν περιτιθεμεν και τα ασχημονα ημων ευσχημοσυνην περισσοτεραν εχει 	And those members of the body, which we think to be less honourable, upon these we bestow more abundant honour; and our uncomely parts have more abundant comeliness.
1Cor	12	24			honesta autem nostra nullius egent sed Deus temperavit corpus ei cui deerat abundantiorem tribuendo honorem	Honesta autem nostra nullius egent: sed Deus temperavit corpus, ei cui deerat, abundationem tribuendo honorem,	τα δε ευσχημονα ημων ου χρειαν εχει αλλ ο θεος συνεκερασεν το σωμα τω υστερουντι περισσοτεραν δους τιμην 	For our comely parts have no need: but God hath tempered the body together, having given more abundant honour to that part which lacked.
1Cor	12	25			ut non sit scisma in corpore sed id ipsum pro invicem sollicita sint membra	ut non sit schisma in corpore, sed idipsum pro invicem sollicita sint membra.	ινα μη η σχισμα εν τω σωματι αλλα το αυτο υπερ αλληλων μεριμνωσιν τα μελη 	That there should be no schism in the body; but that the members should have the same care one for another.
1Cor	12	26			et si quid patitur unum membrum conpatiuntur omnia membra sive gloriatur unum membrum congaudent omnia membra	Et si quid patitur unum membrum, compatiuntur omnia membra: sive gloriatur unum membrum, congaudent omnia membra.	και ειτε πασχει εν μελος συμπασχει παντα τα μελη ειτε δοξαζεται εν μελος συγχαιρει παντα τα μελη 	And whether one member suffer, all the members suffer with it; or one member be honoured, all the members rejoice with it.
1Cor	12	27			vos autem estis corpus Christi et membra de membro	Vos autem estis corpus Christi, et membra de membro.	υμεις δε εστε σωμα χριστου και μελη εκ μερους 	Now ye are the body of Christ, and members in particular.
1Cor	12	28			et quosdam quidem posuit Deus in ecclesia primum apostolos secundo prophetas tertio doctores deinde virtutes exin gratias curationum opitulationes gubernationes genera linguarum	Et quosdam quidem posuit Deus in ecclesia primum apostolos, secundo prophetas, exinde doctores, deinde virtutes, exinde gratias curationum, opitulationes, gubernationes, genera linguarum, interpretationes sermonum.	και ους μεν εθετο ο θεος εν τη εκκλησια πρωτον αποστολους δευτερον προφητας τριτον διδασκαλους επειτα δυναμεις ειτα χαρισματα ιαματων αντιληψεις κυβερνησεις γενη γλωσσων 	And God hath set some in the church, first apostles, secondarily prophets, thirdly teachers, after that miracles, then gifts of healings, helps, governments, diversities of tongues.
1Cor	12	29			numquid omnes apostoli numquid omnes prophetae numquid omnes doctores	Numquid omnes apostoli? numquid omnes prophet? numquid omnes doctores?	μη παντες αποστολοι μη παντες προφηται μη παντες διδασκαλοι μη παντες δυναμεις 	Are all apostles? are all prophets? are all teachers? are all workers of miracles?
1Cor	12	30			numquid omnes virtutes numquid omnes gratiam habent curationum numquid omnes linguis loquuntur numquid omnes interpretantur	numquid omnes virtutes? numquid omnes gratiam habent curationum? numquid omnes linguis loquuntur? numquid omnes interpretantur?	μη παντες χαρισματα εχουσιν ιαματων μη παντες γλωσσαις λαλουσιν μη παντες διερμηνευουσιν 	Have all the gifts of healing? do all speak with tongues? do all interpret?
1Cor	12	31			aemulamini autem charismata maiora et adhuc excellentiorem viam vobis demonstro	mulamini autem charismata meliora. Et adhuc excellentiorem viam vobis demonstro.	ζηλουτε δε τα χαρισματα τα κρειττονα και ετι καθ υπερβολην οδον υμιν δεικνυμι   	But covet earnestly the best gifts: and yet shew I unto you a more excellent way.
1Cor	13	1			si linguis hominum loquar et angelorum caritatem autem non habeam factus sum velut aes sonans aut cymbalum tinniens	Si linguis hominum loquar, et angelorum, caritatem autem non habeam, factus sum velut s sonans, aut cymbalum tinniens.	εαν ταις γλωσσαις των ανθρωπων λαλω και των αγγελων αγαπην δε μη εχω γεγονα χαλκος ηχων η κυμβαλον αλαλαζον 	Though I speak with the tongues of men and of angels, and have not charity, I am become as sounding brass, or a tinkling cymbal.
1Cor	13	2			et si habuero prophetiam et noverim mysteria omnia et omnem scientiam et habuero omnem fidem ita ut montes transferam caritatem autem non habuero nihil sum	Et si habuero prophetiam, et noverim mysteria omnia, et omnem scientiam: et si habuero omnem fidem ita ut montes transferam, caritatem autem non habuero, nihil sum.	και εαν εχω προφητειαν και ειδω τα μυστηρια παντα και πασαν την γνωσιν και εαν εχω πασαν την πιστιν ωστε ορη μεθιστανειν αγαπην δε μη εχω ουθεν  ουδεν  ειμι 	And though I have the gift of prophecy, and understand all mysteries, and all knowledge; and though I have all faith, so that I could remove mountains, and have not charity, I am nothing.
1Cor	13	3			et si distribuero in cibos pauperum omnes facultates meas et si tradidero corpus meum ut ardeam caritatem autem non habuero nihil mihi prodest	Et si distribuero in cibos pauperum omnes facultates meas, et si tradidero corpus meum ita ut ardeam, caritatem autem non habuero, nihil mihi prodest.	και εαν ψωμισω παντα τα υπαρχοντα μου και εαν παραδω το σωμα μου ινα καυθησωμαι αγαπην δε μη εχω ουδεν ωφελουμαι 	And though I bestow all my goods to feed the poor, and though I give my body to be burned, and have not charity, it profiteth me nothing.
1Cor	13	4			caritas patiens est benigna est caritas non aemulatur non agit perperam non inflatur	Caritas patiens est, benigna est. Caritas non mulatur, non agit perperam, non inflatur,	η αγαπη μακροθυμει χρηστευεται η αγαπη ου ζηλοι η αγαπη ου περπερευεται ου φυσιουται 	Charity suffereth long, and is kind; charity envieth not; charity vaunteth not itself, is not puffed up,
1Cor	13	5			non est ambitiosa non quaerit quae sua sunt non inritatur non cogitat malum	non est ambitiosa, non qurit qu sua sunt, non irritatur, non cogitat malum,	ουκ ασχημονει ου ζητει τα εαυτης ου παροξυνεται ου λογιζεται το κακον 	Doth not behave itself unseemly, seeketh not her own, is not easily provoked, thinketh no evil;
1Cor	13	6			non gaudet super iniquitatem congaudet autem veritati	non gaudet super iniquitate, congaudet autem veritati:	ου χαιρει επι τη αδικια συγχαιρει δε τη αληθεια 	Rejoiceth not in iniquity, but rejoiceth in the truth;
1Cor	13	7			omnia suffert omnia credit omnia sperat omnia sustinet	omnia suffert, omnia credit, omnia sperat, omnia sustinet.	παντα στεγει παντα πιστευει παντα ελπιζει παντα υπομενει 	Beareth all things, believeth all things, hopeth all things, endureth all things.
1Cor	13	8			caritas numquam excidit sive prophetiae evacuabuntur sive linguae cessabunt sive scientia destruetur	Caritas numquam excidit: sive propheti evacuabuntur, sive lingu cessabunt, sive scientia destruetur.	η αγαπη ουδεποτε εκπιπτει ειτε δε προφητειαι καταργηθησονται ειτε γλωσσαι παυσονται ειτε γνωσις καταργηθησεται 	Charity never faileth: but whether there be prophecies, they shall fail; whether there be tongues, they shall cease; whether there be knowledge, it shall vanish away.
1Cor	13	9			ex parte enim cognoscimus et ex parte prophetamus	Ex parte enim cognoscimus, et ex parte prophetamus.	εκ μερους γαρ γινωσκομεν και εκ μερους προφητευομεν 	For we know in part, and we prophesy in part.
1Cor	13	10			cum autem venerit quod perfectum est evacuabitur quod ex parte est	Cum autem venerit quod perfectum est, evacuabitur quod ex parte est.	οταν δε ελθη το τελειον τοτε το εκ μερους καταργηθησεται 	But when that which is perfect is come, then that which is in part shall be done away.
1Cor	13	11			cum essem parvulus loquebar ut parvulus sapiebam ut parvulus cogitabam ut parvulus quando factus sum vir evacuavi quae erant parvuli	Cum essem parvulus, loquebar ut parvulus, cogitabam ut parvulus. Quando autem factus sum vir, evacuavi qu erant parvuli.	οτε ημην νηπιος ως νηπιος ελαλουν ως νηπιος εφρονουν ως νηπιος ελογιζομην οτε δε γεγονα ανηρ κατηργηκα τα του νηπιου 	When I was a child, I spake as a child, I understood as a child, I thought as a child: but when I became a man, I put away childish things.
1Cor	13	12			videmus nunc per speculum in enigmate tunc autem facie ad faciem nunc cognosco ex parte tunc autem cognoscam sicut et cognitus sum	Videmus nunc per speculum in nigmate: tunc autem facie ad faciem. Nunc cognosco ex parte: tunc autem cognoscam sicut et cognitus sum.	βλεπομεν γαρ αρτι δι εσοπτρου εν αινιγματι τοτε δε προσωπον προς προσωπον αρτι γινωσκω εκ μερους τοτε δε επιγνωσομαι καθως και επεγνωσθην 	For now we see through a glass, darkly; but then face to face: now I know in part; but then shall I know even as also I am known.
1Cor	13	13			nunc autem manet fides spes caritas tria haec maior autem his est caritas	Nunc autem manent fides, spes, caritas, tria hc: major autem horum est caritas.	νυνι δε μενει πιστις ελπις αγαπη τα τρια ταυτα μειζων δε τουτων η αγαπη   	And now abideth faith, hope, charity, these three; but the greatest of these is charity.
1Cor	14	1			sectamini caritatem aemulamini spiritalia magis autem ut prophetetis	Sectamini caritatem, mulamini spiritualia: magis autem ut prophetetis.	διωκετε την αγαπην ζηλουτε δε τα πνευματικα μαλλον δε ινα προφητευητε 	Follow after charity, and desire spiritual gifts, but rather that ye may prophesy.
1Cor	14	2			qui enim loquitur lingua non hominibus loquitur sed Deo nemo enim audit Spiritu autem loquitur mysteria	Qui enim loquitur lingua, non hominibus loquitur, sed Deo: nemo enim audit. Spiritu autem loquitur mysteria.	ο γαρ λαλων γλωσση ουκ ανθρωποις λαλει αλλα τω θεω ουδεις γαρ ακουει πνευματι δε λαλει μυστηρια 	For he that speaketh in an unknown tongue speaketh not unto men, but unto God: for no man understandeth him; howbeit in the spirit he speaketh mysteries.
1Cor	14	3			nam qui prophetat hominibus loquitur aedificationem et exhortationem et consolationes	Nam qui prophetat, hominibus loquitur ad dificationem, et exhortationem, et consolationem.	ο δε προφητευων ανθρωποις λαλει οικοδομην και παρακλησιν και παραμυθιαν 	But he that prophesieth speaketh unto men to edification, and exhortation, and comfort.
1Cor	14	4			qui loquitur lingua semet ipsum aedificat qui autem prophetat ecclesiam aedificat	Qui loquitur lingua, semetipsum dificat: qui autem prophetat, ecclesiam Dei dificat.	ο λαλων γλωσση εαυτον οικοδομει ο δε προφητευων εκκλησιαν οικοδομει 	He that speaketh in an unknown tongue edifieth himself; but he that prophesieth edifieth the church.
1Cor	14	5			volo autem omnes vos loqui linguis magis autem prophetare nam maior est qui prophetat quam qui loquitur linguis nisi si forte ut interpretetur ut ecclesia aedificationem accipiat	Volo autem omnes vos loqui linguis: magis autem prophetare. Nam major est qui prophetat, quam qui loquitur linguis; nisi forte interpretetur ut ecclesia dificationem accipiat.	θελω δε παντας υμας λαλειν γλωσσαις μαλλον δε ινα προφητευητε μειζων γαρ ο προφητευων η ο λαλων γλωσσαις εκτος ει μη διερμηνευη ινα η εκκλησια οικοδομην λαβη 	I would that ye all spake with tongues but rather that ye prophesied: for greater is he that prophesieth than he that speaketh with tongues, except he interpret, that the church may receive edifying.
1Cor	14	6			nunc autem fratres si venero ad vos linguis loquens quid vobis prodero nisi si vobis loquar aut in revelatione aut scientia aut prophetia aut in doctrina	Nunc autem, fratres, si venero ad vos linguis loquens: quid vobis prodero, nisi vobis loquar aut in revelatione, aut in scientia, aut in prophetia, aut in doctrina?	νυνι δε αδελφοι εαν ελθω προς υμας γλωσσαις λαλων τι υμας ωφελησω εαν μη υμιν λαλησω η εν αποκαλυψει η εν γνωσει η εν προφητεια η εν διδαχη 	Now, brethren, if I come unto you speaking with tongues, what shall I profit you, except I shall speak to you either by revelation, or by knowledge, or by prophesying, or by doctrine?
1Cor	14	7			tamen quae sine anima sunt vocem dantia sive tibia sive cithara nisi distinctionem sonituum dederint quomodo scietur quod canitur aut quod citharizatur	Tamen qu sine anima sunt vocem dantia, sive tibia, sive cithara; nisi distinctionem sonituum dederint, quomodo scietur id quod canitur, aut quod citharizatur?	ομως τα αψυχα φωνην διδοντα ειτε αυλος ειτε κιθαρα εαν διαστολην τοις φθογγοις μη δω πως γνωσθησεται το αυλουμενον η το κιθαριζομενον 	And even things without life giving sound, whether pipe or harp, except they give a distinction in the sounds, how shall it be known what is piped or harped?
1Cor	14	8			etenim si incertam vocem det tuba quis parabit se ad bellum	Etenim si incertam vocem det tuba, quis parabit se ad bellum?	και γαρ εαν αδηλον φωνην σαλπιγξ δω τις παρασκευασεται εις πολεμον 	For if the trumpet give an uncertain sound, who shall prepare himself to the battle?
1Cor	14	9			ita et vos per linguam nisi manifestum sermonem dederitis quomodo scietur id quod dicitur eritis enim in aera loquentes	Ita et vos per linguam nisi manifestum sermonem dederitis: quomodo scietur id quod dicitur? eritis enim in ara loquentes.	ουτως και υμεις δια της γλωσσης εαν μη ευσημον λογον δωτε πως γνωσθησεται το λαλουμενον εσεσθε γαρ εις αερα λαλουντες 	So likewise ye, except ye utter by the tongue words easy to be understood, how shall it be known what is spoken? for ye shall speak into the air.
1Cor	14	10			tam multa ut puta genera linguarum sunt in mundo et nihil sine voce est	Tam multa, ut puta genera linguarum sunt in hoc mundo: et nihil sine voce est.	τοσαυτα ει τυχοι γενη φωνων εστιν εν κοσμω και ουδεν αυτων   αφωνον 	There are, it may be, so many kinds of voices in the world, and none of them is without signification.
1Cor	14	11			si ergo nesciero virtutem vocis ero ei cui loquor barbarus et qui loquitur mihi barbarus	Si ergo nesciero virtutem vocis, ero ei, cui loquor, barbarus: et qui loquitur, mihi barbarus.	εαν ουν μη ειδω την δυναμιν της φωνης εσομαι τω λαλουντι βαρβαρος και ο λαλων εν εμοι βαρβαρος 	Therefore if I know not the meaning of the voice, I shall be unto him that speaketh a barbarian, and he that speaketh shall be a barbarian unto me.
1Cor	14	12			sic et vos quoniam aemulatores estis spirituum ad aedificationem ecclesiae quaerite ut abundetis	Sic et vos, quoniam mulatores estis spirituum, ad dificationem ecclesi qurite ut abundetis.	ουτως και υμεις επει ζηλωται εστε πνευματων προς την οικοδομην της εκκλησιας ζητειτε ινα περισσευητε 	Even so ye, forasmuch as ye are zealous of spiritual gifts, seek that ye may excel to the edifying of the church.
1Cor	14	13			et ideo qui loquitur lingua oret ut interpretetur	Et ideo qui loquitur lingua, oret ut interpretetur.	διοπερ ο λαλων γλωσση προσευχεσθω ινα διερμηνευη 	Wherefore let him that speaketh in an unknown tongue pray that he may interpret.
1Cor	14	14			nam si orem lingua spiritus meus orat mens autem mea sine fructu est	Nam si orem lingua, spiritus meus orat, mens autem mea sine fructu est.	εαν γαρ προσευχωμαι γλωσση το πνευμα μου προσευχεται ο δε νους μου ακαρπος εστιν 	For if I pray in an unknown tongue, my spirit prayeth, but my understanding is unfruitful.
1Cor	14	15			quid ergo est orabo spiritu orabo et mente psallam spiritu psallam et mente	Quid ergo est? Orabo spiritu, orabo et mente: psallam spiritu, psallam et mente.	τι ουν εστιν προσευξομαι τω πνευματι προσευξομαι δε και τω νοι ψαλω τω πνευματι ψαλω δε και τω νοι 	What is it then? I will pray with the spirit, and I will pray with the understanding also: I will sing with the spirit, and I will sing with the understanding also.
1Cor	14	16			ceterum si benedixeris spiritu qui supplet locum idiotae quomodo dicet amen super tuam benedictionem quoniam quid dicas nescit	Ceterum si benedixeris spiritu, qui supplet locum idiot, quomodo dicet: Amen, super tuam benedictionem? quoniam quid dicas, nescit.	επει εαν ευλογησης τω πνευματι ο αναπληρων τον τοπον του ιδιωτου πως ερει το αμην επι τη ση ευχαριστια επειδη τι λεγεις ουκ οιδεν 	Else when thou shalt bless with the spirit, how shall he that occupieth the room of the unlearned say Amen at thy giving of thanks, seeing he understandeth not what thou sayest?
1Cor	14	17			nam tu quidem bene gratias agis sed alter non aedificatur	Nam tu quidem bene gratias agis, sed alter non dificatur.	συ μεν γαρ καλως ευχαριστεις αλλ ο ετερος ουκ οικοδομειται 	For thou verily givest thanks well, but the other is not edified.
1Cor	14	18			gratias ago Deo quod omnium vestrum lingua loquor	Gratias ago Deo meo, quod omnium vestrum lingua loquor.	ευχαριστω τω θεω μου παντων υμων μαλλον γλωσσαις λαλων 	I thank my God, I speak with tongues more than ye all:
1Cor	14	19			sed in ecclesia volo quinque verba sensu meo loqui ut et alios instruam quam decem milia verborum in lingua	Sed in ecclesia volo quinque verba sensu meo loqui, ut et alios instruam: quam decem millia verborum in lingua.	αλλ εν εκκλησια θελω πεντε λογους δια του νοος μου λαλησαι ινα και αλλους κατηχησω η μυριους λογους εν γλωσση 	Yet in the church I had rather speak five words with my understanding, that by my voice I might teach others also, than ten thousand words in an unknown tongue.
1Cor	14	20			fratres nolite pueri effici sensibus sed malitia parvuli estote sensibus autem perfecti estote	Fratres, nolite pueri effici sensibus, sed malitia parvuli estote: sensibus autem perfecti estote.	αδελφοι μη παιδια γινεσθε ταις φρεσιν αλλα τη κακια νηπιαζετε ταις δε φρεσιν τελειοι γινεσθε 	Brethren, be not children in understanding: howbeit in malice be ye children, but in understanding be men.
1Cor	14	21			in lege scriptum est quoniam in aliis linguis et labiis aliis loquar populo huic et nec sic exaudient me dicit Dominus	In lege scriptum est: Quoniam in aliis linguis et labiis aliis loquar populo huic: et nec sic exaudient me, dicit Dominus.	εν τω νομω γεγραπται οτι εν ετερογλωσσοις και εν χειλεσιν ετεροις λαλησω τω λαω τουτω και ουδ ουτως εισακουσονται μου λεγει κυριος 	In the law it is written, With men of other tongues and other lips will I speak unto this people; and yet for all that will they not hear me, saith the Lord.
1Cor	14	22			itaque linguae in signum sunt non fidelibus sed infidelibus prophetia autem non infidelibus sed fidelibus	Itaque lingu in signum sunt non fidelibus, sed infidelibus: propheti autem non infidelibus, sed fidelibus.	ωστε αι γλωσσαι εις σημειον εισιν ου τοις πιστευουσιν αλλα τοις απιστοις η δε προφητεια ου τοις απιστοις αλλα τοις πιστευουσιν 	Wherefore tongues are for a sign, not to them that believe, but to them that believe not: but prophesying serveth not for them that believe not, but for them which believe.
1Cor	14	23			si ergo conveniat universa ecclesia in unum et omnes linguis loquantur intrent autem idiotae aut infideles nonne dicent quod insanitis	Si ergo conveniat universa ecclesia in unum, et omnes linguis loquantur, intrent autem idiot, aut infideles: nonne dicent quod insanitis?	εαν ουν συνελθη η εκκλησια ολη επι το αυτο και παντες γλωσσαις λαλωσιν εισελθωσιν δε ιδιωται η απιστοι ουκ ερουσιν οτι μαινεσθε 	If therefore the whole church be come together into one place, and all speak with tongues, and there come in those that are unlearned, or unbelievers, will they not say that ye are mad?
1Cor	14	24			si autem omnes prophetent intret autem quis infidelis vel idiota convincitur ab omnibus diiudicatur ab omnibus	Si autem omnes prophetent, intret autem quis infidelis, vel idiota, convincitur ab omnibus, dijudicatur ab omnibus:	εαν δε παντες προφητευωσιν εισελθη δε τις απιστος η ιδιωτης ελεγχεται υπο παντων ανακρινεται υπο παντων 	But if all prophesy, and there come in one that believeth not, or one unlearned, he is convinced of all, he is judged of all:
1Cor	14	25			occulta cordis eius manifesta fiunt et ita cadens in faciem adorabit Deum pronuntians quod vere Deus in vobis est	occulta cordis ejus manifesta fiunt: et ita cadens in faciem adorabit Deum, pronuntians quod vere Deus in vobis sit.	και ουτως τα κρυπτα της καρδιας αυτου φανερα γινεται και ουτως πεσων επι προσωπον προσκυνησει τω θεω απαγγελλων οτι ο θεος οντως εν υμιν εστιν 	And thus are the secrets of his heart made manifest; and so falling down on his face he will worship God, and report that God is in you of a truth.
1Cor	14	26			quid ergo est fratres cum convenitis unusquisque vestrum psalmum habet doctrinam habet apocalypsin habet linguam habet interpretationem habet omnia ad aedificationem fiant	Quid ergo est, fratres? Cum convenitis, unusquisque vestrum psalmum habet, doctrinam habet, apocalypsim habet, linguam habet, interpretationem habet: omnia ad dificationem fiant.	τι ουν εστιν αδελφοι οταν συνερχησθε εκαστος υμων ψαλμον εχει διδαχην εχει γλωσσαν εχει αποκαλυψιν εχει ερμηνειαν εχει παντα προς οικοδομην γενεσθω 	How is it then, brethren? when ye come together, every one of you hath a psalm, hath a doctrine, hath a tongue, hath a revelation, hath an interpretation. Let all things be done unto edifying.
1Cor	14	27			sive lingua quis loquitur secundum duos aut ut multum tres et per partes et unus interpretetur	Sive lingua quis loquitur, secundum duos, aut ut multum tres, et per partes, et unus interpretatur.	ειτε γλωσση τις λαλει κατα δυο η το πλειστον τρεις και ανα μερος και εις διερμηνευετω 	If any man speak in an unknown tongue, let it be by two, or at the most by three, and that by course; and let one interpret.
1Cor	14	28			si autem non fuerit interpres taceat in ecclesia sibi autem loquatur et Deo	Si autem non fuerit interpres, taceat in ecclesia: sibi autem loquatur, et Deo.	εαν δε μη η διερμηνευτης σιγατω εν εκκλησια εαυτω δε λαλειτω και τω θεω 	But if there be no interpreter, let him keep silence in the church; and let him speak to himself, and to God.
1Cor	14	29			prophetae duo aut tres dicant et ceteri diiudicent	Prophet autem duo, aut tres dicant, et ceteri dijudicent.	προφηται δε δυο η τρεις λαλειτωσαν και οι αλλοι διακρινετωσαν 	Let the prophets speak two or three, and let the other judge.
1Cor	14	30			quod si alii revelatum fuerit sedenti prior taceat	Quod si alii revelatum fuerit sedenti, prior taceat.	εαν δε αλλω αποκαλυφθη καθημενω ο πρωτος σιγατω 	If any thing be revealed to another that sitteth by, let the first hold his peace.
1Cor	14	31			potestis enim omnes per singulos prophetare ut omnes discant et omnes exhortentur	Potestis enim omnes per singulos prophetare: ut omnes discant, et omnes exhortentur:	δυνασθε γαρ καθ ενα παντες προφητευειν ινα παντες μανθανωσιν και παντες παρακαλωνται 	For ye may all prophesy one by one, that all may learn, and all may be comforted.
1Cor	14	32			et spiritus prophetarum prophetis subiecti sunt	et spiritus prophetarum prophetis subjecti sunt.	και πνευματα προφητων προφηταις υποτασσεται 	And the spirits of the prophets are subject to the prophets.
1Cor	14	33			non enim est dissensionis Deus sed pacis sicut in omnibus ecclesiis sanctorum	Non enim est dissensionis Deus, sed pacis: sicut et in omnibus ecclesiis sanctorum doceo.	ου γαρ εστιν ακαταστασιας ο θεος αλλ ειρηνης ως εν πασαις ταις εκκλησιαις των αγιων 	For God is not the author of confusion, but of peace, as in all churches of the saints.
1Cor	14	34			mulieres in ecclesiis taceant non enim permittitur eis loqui sed subditas esse sicut et lex dicit	Mulieres in ecclesiis taceant, non enim permittitur eis loqui, sed subditas esse, sicut et lex dicit.	αι γυναικες υμων εν ταις εκκλησιαις σιγατωσαν ου γαρ επιτετραπται αυταις λαλειν αλλ υποτασσεσθαι καθως και ο νομος λεγει 	Let your women keep silence in the churches: for it is not permitted unto them to speak; but they are commanded to be under obedience as also saith the law.
1Cor	14	35			si quid autem volunt discere domi viros suos interrogent turpe est enim mulieri loqui in ecclesia	Si quid autem volunt discere, domi viros suos interrogent. Turpe est enim mulieri loqui in ecclesia.	ει δε τι μαθειν θελουσιν εν οικω τους ιδιους ανδρας επερωτατωσαν αισχρον γαρ εστιν γυναιξιν εν εκκλησια λαλειν 	And if they will learn any thing, let them ask their husbands at home: for it is a shame for women to speak in the church.
1Cor	14	36			an a vobis verbum Dei processit aut in vos solos pervenit	An a vobis verbum Dei processit? aut in vos solos pervenit?	η αφ υμων ο λογος του θεου εξηλθεν η εις υμας μονους κατηντησεν 	What? came the word of God out from you? or came it unto you only?
1Cor	14	37			si quis videtur propheta esse aut spiritalis cognoscat quae scribo vobis quia Domini sunt mandata	Si quis videtur propheta esse, aut spiritualis, cognoscat qu scribo vobis, quia Domini sunt mandata.	ει τις δοκει προφητης ειναι η πνευματικος επιγινωσκετω α γραφω υμιν οτι του κυριου εισιν εντολαι 	If any man think himself to be a prophet, or spiritual, let him acknowledge that the things that I write unto you are the commandments of the Lord.
1Cor	14	38			si quis autem ignorat ignorabitur	Si quis autem ignorat, ignorabitur.	ει δε τις αγνοει αγνοειτω 	But if any man be ignorant, let him be ignorant.
1Cor	14	39			itaque fratres aemulamini prophetare et loqui linguis nolite prohibere	Itaque fratres mulamini prophetare: et loqui linguis nolite prohibere.	ωστε αδελφοι ζηλουτε το προφητευειν και το λαλειν γλωσσαις μη κωλυετε 	Wherefore, brethren, covet to prophesy, and forbid not to speak with tongues.
1Cor	14	40			omnia autem honeste et secundum ordinem fiant	Omnia autem honeste, et secundum ordinem fiant.	παντα ευσχημονως και κατα ταξιν γινεσθω   	Let all things be done decently and in order.
1Cor	15	1			notum autem vobis facio fratres evangelium quod praedicavi vobis quod et accepistis in quo et statis	Notum autem vobis facio, fratres, Evangelium, quod prdicavi vobis, quod et accepistis, in quo et statis,	γνωριζω δε υμιν αδελφοι το ευαγγελιον ο ευηγγελισαμην υμιν ο και παρελαβετε εν ω και εστηκατε 	Moreover, brethren, I declare unto you the gospel which I preached unto you, which also ye have received, and wherein ye stand;
1Cor	15	2			per quod et salvamini qua ratione praedicaverim vobis si tenetis nisi si frustra credidistis	per quod et salvamini: qua ratione prdicaverim vobis, si tenetis, nisi frustra credidistis.	δι ου και σωζεσθε τινι λογω ευηγγελισαμην υμιν ει κατεχετε εκτος ει μη εικη επιστευσατε 	By which also ye are saved, if ye keep in memory what I preached unto you, unless ye have believed in vain.
1Cor	15	3			tradidi enim vobis in primis quod et accepi quoniam Christus mortuus est pro peccatis nostris secundum scripturas	Tradidi enim vobis in primis quod et accepi: quoniam Christus mortuus est pro peccatis nostris secundum Scripturas:	παρεδωκα γαρ υμιν εν πρωτοις ο και παρελαβον οτι χριστος απεθανεν υπερ των αμαρτιων ημων κατα τας γραφας 	For I delivered unto you first of all that which I also received, how that Christ died for our sins according to the scriptures;
1Cor	15	4			et quia sepultus est et quia resurrexit tertia die secundum scripturas	et quia sepultus est, et quia resurrexit tertia die secundum Scripturas:	και οτι εταφη και οτι εγηγερται τη τριτη ημερα κατα τας γραφας 	And that he was buried, and that he rose again the third day according to the scriptures:
1Cor	15	5			et quia visus est Cephae et post haec undecim	et quia visus est Ceph, et post hoc undecim:	και οτι ωφθη κηφα ειτα τοις δωδεκα 	And that he was seen of Cephas, then of the twelve:
1Cor	15	6			deinde visus est plus quam quingentis fratribus simul ex quibus multi manent usque adhuc quidam autem dormierunt	deinde visus est plus quam quingentis fratribus simul: ex quibus multi manent usque adhuc, quidam autem dormierunt:	επειτα ωφθη επανω πεντακοσιοις αδελφοις εφαπαξ εξ ων οι πλειους μενουσιν εως αρτι τινες δε και εκοιμηθησαν 	After that, he was seen of above five hundred brethren at once; of whom the greater part remain unto this present, but some are fallen asleep.
1Cor	15	7			deinde visus est Iacobo deinde apostolis omnibus	deinde visus est Jacobo, deinde Apostolis omnibus:	επειτα ωφθη ιακωβω ειτα τοις αποστολοις πασιν 	After that, he was seen of James; then of all the apostles.
1Cor	15	8			novissime autem omnium tamquam abortivo visus est et mihi	novissime autem omnium tamquam abortivo, visus est et mihi.	εσχατον δε παντων ωσπερει τω εκτρωματι ωφθη καμοι 	And last of all he was seen of me also, as of one born out of due time.
1Cor	15	9			ego enim sum minimus apostolorum qui non sum dignus vocari apostolus quoniam persecutus sum ecclesiam Dei	Ego enim sum minimus Apostolorum, qui non sum dignus vocari Apostolus, quoniam persecutus sum ecclesiam Dei.	εγω γαρ ειμι ο ελαχιστος των αποστολων ος ουκ ειμι ικανος καλεισθαι αποστολος διοτι εδιωξα την εκκλησιαν του θεου 	For I am the least of the apostles, that am not meet to be called an apostle, because I persecuted the church of God.
1Cor	15	10			gratia autem Dei sum id quod sum et gratia eius in me vacua non fuit sed abundantius illis omnibus laboravi non ego autem sed gratia Dei mecum	Gratia autem Dei sum id quod sum, et gratia ejus in me vacua non fuit, sed abundantius illis omnibus laboravi: non ego autem, sed gratia Dei mecum:	χαριτι δε θεου ειμι ο ειμι και η χαρις αυτου η εις εμε ου κενη εγενηθη αλλα περισσοτερον αυτων παντων εκοπιασα ουκ εγω δε αλλ η χαρις του θεου η συν εμοι 	But by the grace of God I am what I am: and his grace which was bestowed upon me was not in vain; but I laboured more abundantly than they all: yet not I, but the grace of God which was with me.
1Cor	15	11			sive enim ego sive illi sic praedicamus et sic credidistis	sive enim ego, sive illi: sic prdicamus, et sic credidistis.	ειτε ουν εγω ειτε εκεινοι ουτως κηρυσσομεν και ουτως επιστευσατε 	Therefore whether it were I or they, so we preach, and so ye believed.
1Cor	15	12			si autem Christus praedicatur quod resurrexit a mortuis quomodo quidam dicunt in vobis quoniam resurrectio mortuorum non est	Si autem Christus prdicatur quod resurrexit a mortuis, quomodo quidam dicunt in vobis, quoniam resurrectio mortuorum non est?	ει δε χριστος κηρυσσεται οτι εκ νεκρων εγηγερται πως λεγουσιν τινες εν υμιν οτι αναστασις νεκρων ουκ εστιν 	Now if Christ be preached that he rose from the dead, how say some among you that there is no resurrection of the dead?
1Cor	15	13			si autem resurrectio mortuorum non est neque Christus resurrexit	Si autem resurrectio mortuorum non est: neque Christus resurrexit.	ει δε αναστασις νεκρων ουκ εστιν ουδε χριστος εγηγερται 	But if there be no resurrection of the dead, then is Christ not risen:
1Cor	15	14			si autem Christus non resurrexit inanis est ergo praedicatio nostra inanis est et fides vestra	Si autem Christus non resurrexit, inanis est ergo prdicatio nostra, inanis est et fides vestra:	ει δε χριστος ουκ εγηγερται κενον αρα το κηρυγμα ημων κενη δε και η πιστις υμων 	And if Christ be not risen, then is our preaching vain, and your faith is also vain.
1Cor	15	15			invenimur autem et falsi testes Dei quoniam testimonium diximus adversus Deum quod suscitaverit Christum quem non suscitavit si mortui non resurgunt	invenimur autem et falsi testes Dei: quoniam testimonium diximus adversus Deum quod suscitaverit Christum, quem non suscitavit, si mortui non resurgunt.	ευρισκομεθα δε και ψευδομαρτυρες του θεου οτι εμαρτυρησαμεν κατα του θεου οτι ηγειρεν τον χριστον ον ουκ ηγειρεν ειπερ αρα νεκροι ουκ εγειρονται 	Yea, and we are found false witnesses of God; because we have testified of God that he raised up Christ: whom he raised not up, if so be that the dead rise not.
1Cor	15	16			nam si mortui non resurgunt neque Christus resurrexit	Nam si mortui non resurgunt, neque Christus resurrexit.	ει γαρ νεκροι ουκ εγειρονται ουδε χριστος εγηγερται 	For if the dead rise not, then is not Christ raised:
1Cor	15	17			quod si Christus non resurrexit vana est fides vestra adhuc enim estis in peccatis vestris	Quod si Christus non resurrexit, vana est fides vestra: adhuc enim estis in peccatis vestris.	ει δε χριστος ουκ εγηγερται ματαια η πιστις υμων ετι εστε εν ταις αμαρτιαις υμων 	And if Christ be not raised, your faith is vain; ye are yet in your sins.
1Cor	15	18			ergo et qui dormierunt in Christo perierunt	Ergo et qui dormierunt in Christo, perierunt.	αρα και οι κοιμηθεντες εν χριστω απωλοντο 	Then they also which are fallen asleep in Christ are perished.
1Cor	15	19			si in hac vita tantum in Christo sperantes sumus miserabiliores sumus omnibus hominibus	Si in hac vita tantum in Christo sperantes sumus, miserabiliores sumus omnibus hominibus.	ει εν τη ζωη ταυτη ηλπικοτες εσμεν εν χριστω μονον ελεεινοτεροι παντων ανθρωπων εσμεν 	If in this life only we have hope in Christ, we are of all men most miserable.
1Cor	15	20			nunc autem Christus resurrexit a mortuis primitiae dormientium	Nunc autem Christus resurrexit a mortuis primiti dormientium,	νυνι δε χριστος εγηγερται εκ νεκρων απαρχη των κεκοιμημενων εγενετο 	But now is Christ risen from the dead, and become the firstfruits of them that slept.
1Cor	15	21			quoniam enim per hominem mors et per hominem resurrectio mortuorum	quoniam quidem per hominem mors, et per hominem resurrectio mortuorum.	επειδη γαρ δι ανθρωπου ο θανατος και δι ανθρωπου αναστασις νεκρων 	For since by man came death, by man came also the resurrection of the dead.
1Cor	15	22			et sicut in Adam omnes moriuntur ita et in Christo omnes vivificabuntur	Et sicut in Adam omnes moriuntur, ita et in Christo omnes vivificabuntur.	ωσπερ γαρ εν τω αδαμ παντες αποθνησκουσιν ουτως και εν τω χριστω παντες ζωοποιηθησονται 	For as in Adam all die, even so in Christ shall all be made alive.
1Cor	15	23			unusquisque autem in suo ordine primitiae Christus deinde hii qui sunt Christi in adventu eius	Unusquisque autem in suo ordine, primiti Christus: deinde ii qui sunt Christi, qui in adventu ejus crediderunt.	εκαστος δε εν τω ιδιω ταγματι απαρχη χριστος επειτα οι χριστου εν τη παρουσια αυτου 	But every man in his own order: Christ the firstfruits; afterward they that are Christ's at his coming.
1Cor	15	24			deinde finis cum tradiderit regnum Deo et Patri cum evacuaverit omnem principatum et potestatem et virtutem	Deinde finis: cum tradiderit regnum Deo et Patri, cum evacuaverit omnem principatum, et potestatem, et virtutem.	ειτα το τελος οταν παραδω την βασιλειαν τω θεω και πατρι οταν καταργηση πασαν αρχην και πασαν εξουσιαν και δυναμιν 	Then cometh the end, when he shall have delivered up the kingdom to God, even the Father; when he shall have put down all rule and all authority and power.
1Cor	15	25			oportet autem illum regnare donec ponat omnes inimicos sub pedibus eius	Oportet autem illum regnare donec ponat omnes inimicos sub pedibus ejus.	δει γαρ αυτον βασιλευειν αχρις ου αν θη παντας τους εχθρους υπο τους ποδας αυτου 	For he must reign, till he hath put all enemies under his feet.
1Cor	15	26			novissima autem inimica destruetur mors omnia enim subiecit sub pedibus eius cum autem dicat	Novissima autem inimica destruetur mors: omnia enim subjecit pedibus ejus. Cum autem dicat:	εσχατος εχθρος καταργειται ο θανατος 	The last enemy that shall be destroyed is death.
1Cor	15	27			omnia subiecta sunt sine dubio praeter eum qui subiecit ei omnia	Omnia subjecta sunt ei, sine dubio prter eum qui subjecit ei omnia.	παντα γαρ υπεταξεν υπο τους ποδας αυτου οταν δε ειπη οτι παντα υποτετακται δηλον οτι εκτος του υποταξαντος αυτω τα παντα 	For he hath put all things under his feet. But when he saith all things are put under him, it is manifest that he is excepted, which did put all things under him.
1Cor	15	28			cum autem subiecta fuerint illi omnia tunc ipse Filius subiectus erit illi qui sibi subiecit omnia ut sit Deus omnia in omnibus	Cum autem subjecta fuerint illi omnia: tunc et ipse Filius subjectus erit ei, qui subjecit sibi omnia, ut sit Deus omnia in omnibus.	οταν δε υποταγη αυτω τα παντα τοτε και αυτος ο υιος υποταγησεται τω υποταξαντι αυτω τα παντα ινα η ο θεος τα παντα εν πασιν 	And when all things shall be subdued unto him, then shall the Son also himself be subject unto him that put all things under him, that God may be all in all.
1Cor	15	29			alioquin quid facient qui baptizantur pro mortuis si omnino mortui non resurgunt ut quid et baptizantur pro illis	Alioquin quid facient qui baptizantur pro mortuis, si omnino mortui non resurgunt? ut quid et baptizantur pro illis?	επει τι ποιησουσιν οι βαπτιζομενοι υπερ των νεκρων ει ολως νεκροι ουκ εγειρονται τι και βαπτιζονται υπερ των νεκρων 	Else what shall they do which are baptized for the dead, if the dead rise not at all? why are they then baptized for the dead?
1Cor	15	30			ut quid et nos periclitamur omni hora	ut quid et nos periclitamur omni hora?	τι και ημεις κινδυνευομεν πασαν ωραν 	And why stand we in jeopardy every hour?
1Cor	15	31			cotidie morior per vestram gloriam fratres quam habeo in Christo Iesu Domino nostro	Quotidie morior per vestram gloriam, fratres, quam habeo in Christo Jesu Domino nostro.	καθ ημεραν αποθνησκω νη την ημετεραν  υμετεραν  καυχησιν ην εχω εν χριστω ιησου τω κυριω ημων 	I protest by your rejoicing which I have in Christ Jesus our Lord, I die daily.
1Cor	15	32			si secundum hominem ad bestias pugnavi Ephesi quid mihi prodest si mortui non resurgunt manducemus et bibamus cras enim moriemur	Si secundum hominem ad bestias pugnavi Ephesi, quid mihi prodest, si mortui non resurgunt? Manducemus, et bibamus, cras enim moriemur.	ει κατα ανθρωπον εθηριομαχησα εν εφεσω τι μοι το οφελος ει νεκροι ουκ εγειρονται φαγωμεν και πιωμεν αυριον γαρ αποθνησκομεν 	If after the manner of men I have fought with beasts at Ephesus, what advantageth it me, if the dead rise not? let us eat and drink; for to morrow we die.
1Cor	15	33			nolite seduci corrumpunt mores bonos conloquia mala	Nolite seduci: corrumpunt mores bonos colloquia mala.	μη πλανασθε φθειρουσιν ηθη χρησθ ομιλιαι κακαι 	Be not deceived: evil communications corrupt good manners.
1Cor	15	34			evigilate iuste et nolite peccare ignorantiam enim Dei quidam habent ad reverentiam vobis loquor	Evigilate justi, et nolite peccare: ignorantiam enim Dei quidam habent, ad reverentiam vobis loquor.	εκνηψατε δικαιως και μη αμαρτανετε αγνωσιαν γαρ θεου τινες εχουσιν προς εντροπην υμιν λεγω 	Awake to righteousness, and sin not; for some have not the knowledge of God: I speak this to your shame.
1Cor	15	35			sed dicet aliquis quomodo resurgunt mortui quali autem corpore veniunt	Sed dicet aliquis: Quomodo resurgunt mortui? qualive corpore venient?	αλλ ερει τις πως εγειρονται οι νεκροι ποιω δε σωματι ερχονται 	But some man will say, How are the dead raised up? and with what body do they come?
1Cor	15	36			insipiens tu quod seminas non vivificatur nisi prius moriatur	Insipiens, tu quod seminas non vivificatur, nisi prius moriatur:	αφρον συ ο σπειρεις ου ζωοποιειται εαν μη αποθανη 	Thou fool, that which thou sowest is not quickened, except it die:
1Cor	15	37			et quod seminas non corpus quod futurum est seminas sed nudum granum ut puta tritici aut alicuius ceterorum	et quod seminas, non corpus, quod futurum est, seminas, sed nudum granum, ut puta tritici, aut alicujus ceterorum.	και ο σπειρεις ου το σωμα το γενησομενον σπειρεις αλλα γυμνον κοκκον ει τυχοι σιτου η τινος των λοιπων 	And that which thou sowest, thou sowest not that body that shall be, but bare grain, it may chance of wheat, or of some other grain:
1Cor	15	38			Deus autem dat illi corpus sicut voluit et unicuique seminum proprium corpus	Deus autem dat illi corpus sicut vult: ut unicuique seminum proprium corpus.	ο δε θεος αυτω διδωσιν σωμα καθως ηθελησεν και εκαστω των σπερματων το ιδιον σωμα 	But God giveth it a body as it hath pleased him, and to every seed his own body.
1Cor	15	39			non omnis caro eadem caro sed alia hominum alia pecorum alia caro volucrum alia autem piscium	Non omnis caro, eadem caro: sed alia quidem hominum, alia vero pecorum, alia volucrum, alia autem piscium.	ου πασα σαρξ η αυτη σαρξ αλλα αλλη μεν σαρξ ανθρωπων αλλη δε σαρξ κτηνων αλλη δε ιχθυων αλλη δε πτηνων 	All flesh is not the same flesh: but there is one kind of flesh of men, another flesh of beasts, another of fishes, and another of birds.
1Cor	15	40			et corpora caelestia et corpora terrestria sed alia quidem caelestium gloria alia autem terrestrium	Et corpora clestia, et corpora terrestria: sed alia quidem clestium gloria, alia autem terrestrium.	και σωματα επουρανια και σωματα επιγεια αλλ ετερα μεν η των επουρανιων δοξα ετερα δε η των επιγειων 	There are also celestial bodies, and bodies terrestrial: but the glory of the celestial is one, and the glory of the terrestrial is another.
1Cor	15	41			alia claritas solis alia claritas lunae et alia claritas stellarum stella enim ab stella differt in claritate	Alia claritas solis, alia claritas lun, et alia claritas stellarum. Stella enim a stella differt in claritate:	αλλη δοξα ηλιου και αλλη δοξα σεληνης και αλλη δοξα αστερων αστηρ γαρ αστερος διαφερει εν δοξη 	There is one glory of the sun, and another glory of the moon, and another glory of the stars: for one star differeth from another star in glory.
1Cor	15	42			sic et resurrectio mortuorum seminatur in corruptione surgit in incorruptione	sic et resurrectio mortuorum. Seminatur in corruptione, surget in incorruptione.	ουτως και η αναστασις των νεκρων σπειρεται εν φθορα εγειρεται εν αφθαρσια 	So also is the resurrection of the dead. It is sown in corruption; it is raised in incorruption:
1Cor	15	43			seminatur in ignobilitate surgit in gloria seminatur in infirmitate surgit in virtute	Seminatur in ignobilitate, surget in gloria: seminatur in infirmitate, surget in virtute:	σπειρεται εν ατιμια εγειρεται εν δοξη σπειρεται εν ασθενεια εγειρεται εν δυναμει 	It is sown in dishonour; it is raised in glory: it is sown in weakness; it is raised in power:
1Cor	15	44			seminatur corpus animale surgit corpus spiritale si est corpus animale est et spiritale sic et scriptum est	seminatur corpus animale, surget corpus spiritale. Si est corpus animale, est et spiritale, sicut scriptum est:	σπειρεται σωμα ψυχικον εγειρεται σωμα πνευματικον εστιν σωμα ψυχικον και εστιν σωμα πνευματικον 	It is sown a natural body; it is raised a spiritual body. There is a natural body, and there is a spiritual body.
1Cor	15	45			factus est primus homo Adam in animam viventem novissimus Adam in spiritum vivificantem	Factus est primus homo Adam in animam viventem, novissimus Adam in spiritum vivificantem.	ουτως και γεγραπται εγενετο ο πρωτος ανθρωπος αδαμ εις ψυχην ζωσαν ο εσχατος αδαμ εις πνευμα ζωοποιουν 	And so it is written, The first man Adam was made a living soul; the last Adam was made a quickening spirit.
1Cor	15	46			sed non prius quod spiritale est sed quod animale est deinde quod spiritale	Sed non prius quod spiritale est, sed quod animale: deinde quod spiritale.	αλλ ου πρωτον το πνευματικον αλλα το ψυχικον επειτα το πνευματικον 	Howbeit that was not first which is spiritual, but that which is natural; and afterward that which is spiritual.
1Cor	15	47			primus homo de terra terrenus secundus homo de caelo caelestis	Primus homo de terra, terrenus: secundus homo de clo, clestis.	ο πρωτος ανθρωπος εκ γης χοικος ο δευτερος ανθρωπος ο κυριος εξ ουρανου 	The first man is of the earth, earthy; the second man is the Lord from heaven.
1Cor	15	48			qualis terrenus tales et terreni et qualis caelestis tales et caelestes	Qualis terrenus, tales et terreni: et qualis clestis, tales et clestes.	οιος ο χοικος τοιουτοι και οι χοικοι και οιος ο επουρανιος τοιουτοι και οι επουρανιοι 	As is the earthy, such are they also that are earthy: and as is the heavenly, such are they also that are heavenly.
1Cor	15	49			igitur sicut portavimus imaginem terreni portemus et imaginem caelestis	Igitur, sicut portavimus imaginem terreni, portemus et imaginem clestis.	και καθως εφορεσαμεν την εικονα του χοικου φορεσομεν και την εικονα του επουρανιου 	And as we have borne the image of the earthy, we shall also bear the image of the heavenly.
1Cor	15	50			hoc autem dico fratres quoniam caro et sanguis regnum Dei possidere non possunt neque corruptio incorruptelam possidebit	Hoc autem dico, fratres: quia caro et sanguis regnum Dei possidere non possunt: neque corruptio incorruptelam possidebit.	τουτο δε φημι αδελφοι οτι σαρξ και αιμα βασιλειαν θεου κληρονομησαι ου δυνανται ουδε η φθορα την αφθαρσιαν κληρονομει 	Now this I say, brethren, that flesh and blood cannot inherit the kingdom of God; neither doth corruption inherit incorruption.
1Cor	15	51			ecce mysterium vobis dico omnes quidem resurgemus sed non omnes inmutabimur	Ecce mysterium vobis dico: omnes quidem resurgemus, sed non omnes immutabimur.	ιδου μυστηριον υμιν λεγω παντες μεν ου κοιμηθησομεθα παντες δε αλλαγησομεθα 	Behold, I shew you a mystery; We shall not all sleep, but we shall all be changed,
1Cor	15	52			in momento in ictu oculi in novissima tuba canet enim et mortui resurgent incorrupti et nos inmutabimur	In momento, in ictu oculi, in novissima tuba: canet enim tuba, et mortui resurgent incorrupti: et nos immutabimur.	εν ατομω εν ριπη οφθαλμου εν τη εσχατη σαλπιγγι σαλπισει γαρ και οι νεκροι εγερθησονται αφθαρτοι και ημεις αλλαγησομεθα 	In a moment, in the twinkling of an eye, at the last trump: for the trumpet shall sound, and the dead shall be raised incorruptible, and we shall be changed.
1Cor	15	53			oportet enim corruptibile hoc induere incorruptelam et mortale hoc induere inmortalitatem	Oportet enim corruptibile hoc induere incorruptionem: et mortale hoc induere immortalitatem.	δει γαρ το φθαρτον τουτο ενδυσασθαι αφθαρσιαν και το θνητον τουτο ενδυσασθαι αθανασιαν 	For this corruptible must put on incorruption, and this mortal must put on immortality.
1Cor	15	54			cum autem mortale hoc induerit inmortalitatem tunc fiet sermo qui scriptus est absorta est mors in victoria	Cum autem mortale hoc induerit immortalitatem, tunc fiet sermo, qui scriptus est: Absorpta est mors in victoria.	οταν δε το φθαρτον τουτο ενδυσηται αφθαρσιαν και το θνητον τουτο ενδυσηται αθανασιαν τοτε γενησεται ο λογος ο γεγραμμενος κατεποθη ο θανατος εις νικος 	So when this corruptible shall have put on incorruption, and this mortal shall have put on immortality, then shall be brought to pass the saying that is written, Death is swallowed up in victory.
1Cor	15	55			ubi est mors victoria tua ubi est mors stimulus tuus	Ubi est mors victoria tua? ubi est mors stimulus tuus?	που σου θανατε το κεντρον που σου αδη το νικος 	O death, where is thy sting? O grave, where is thy victory?
1Cor	15	56			stimulus autem mortis peccatum est virtus vero peccati lex	Stimulus autem mortis peccatum est: virtus vero peccati lex.	το δε κεντρον του θανατου η αμαρτια η δε δυναμις της αμαρτιας ο νομος 	The sting of death is sin; and the strength of sin is the law.
1Cor	15	57			Deo autem gratias qui dedit nobis victoriam per Dominum nostrum Iesum Christum	Deo autem gratias, qui dedit nobis victoriam per Dominum nostrum Jesum Christum.	τω δε θεω χαρις τω διδοντι ημιν το νικος δια του κυριου ημων ιησου χριστου 	But thanks be to God, which giveth us the victory through our Lord Jesus Christ.
1Cor	15	58			itaque fratres mei dilecti stabiles estote et inmobiles abundantes in opere Domini semper scientes quod labor vester non est inanis in Domino	Itaque fratres mei dilecti, stabiles estote, et immobiles: abundantes in opere Domini semper, scientes quod labor vester non est inanis in Domino.	ωστε αδελφοι μου αγαπητοι εδραιοι γινεσθε αμετακινητοι περισσευοντες εν τω εργω του κυριου παντοτε ειδοτες οτι ο κοπος υμων ουκ εστιν κενος εν κυριω   	Therefore, my beloved brethren, be ye stedfast, unmoveable, always abounding in the work of the Lord, forasmuch as ye know that your labour is not in vain in the Lord.
1Cor	16	1			de collectis autem quae fiunt in sanctos sicut ordinavi ecclesiis Galatiae ita et vos facite	De collectis autem, qu fiunt in sanctos, sicut ordinavi ecclesiis Galati, ita et vos facite.	περι δε της λογιας της εις τους αγιους ωσπερ διεταξα ταις εκκλησιαις της γαλατιας ουτως και υμεις ποιησατε 	Now concerning the collection for the saints, as I have given order to the churches of Galatia, even so do ye.
1Cor	16	2			per unam sabbati unusquisque vestrum apud se ponat recondens quod ei beneplacuerit ut non cum venero tunc collectae fiant	Per unam sabbati unusquisque vestrum apud se seponat, recondens quod ei bene placuerit: ut non, cum venero, tunc collect fiant.	κατα μιαν σαββατων εκαστος υμων παρ εαυτω τιθετω θησαυριζων ο τι αν ευοδωται ινα μη οταν ελθω τοτε λογιαι γινωνται 	Upon the first day of the week let every one of you lay by him in store, as God hath prospered him, that there be no gatherings when I come.
1Cor	16	3			cum autem praesens fuero quos probaveritis per epistulas hos mittam perferre gratiam vestram in Hierusalem	Cum autem prsens fuero, quos probaveritis per epistolas, hos mittam perferre gratiam vestram in Jerusalem.	οταν δε παραγενωμαι ους εαν δοκιμασητε δι επιστολων τουτους πεμψω απενεγκειν την χαριν υμων εις ιερουσαλημ 	And when I come, whomsoever ye shall approve by your letters, them will I send to bring your liberality unto Jerusalem.
1Cor	16	4			quod si dignum fuerit ut et ego eam mecum ibunt	Quod si dignum fuerit ut et ego eam, mecum ibunt.	εαν δε η αξιον του καμε πορευεσθαι συν εμοι πορευσονται 	And if it be meet that I go also, they shall go with me.
1Cor	16	5			veniam autem ad vos cum Macedoniam pertransiero nam Macedoniam pertransibo	Veniam autem ad vos, cum Macedoniam pertransiero: nam Macedoniam pertransibo.	ελευσομαι δε προς υμας οταν μακεδονιαν διελθω μακεδονιαν γαρ διερχομαι 	Now I will come unto you, when I shall pass through Macedonia: for I do pass through Macedonia.
1Cor	16	6			apud vos autem forsitan manebo vel etiam hiemabo ut vos me deducatis quocumque iero	Apud vos autem forsitan manebo, vel etiam hiemabo: ut vos me deducatis quocumque iero.	προς υμας δε τυχον παραμενω η και παραχειμασω ινα υμεις με προπεμψητε ου εαν πορευωμαι 	And it may be that I will abide, yea, and winter with you, that ye may bring me on my journey whithersoever I go.
1Cor	16	7			nolo enim vos modo in transitu videre spero enim me aliquantum temporis manere apud vos si Dominus permiserit	Nolo enim vos modo in transitu videre, spero enim me aliquantulum temporis manere apud vos, si Dominus permiserit.	ου θελω γαρ υμας αρτι εν παροδω ιδειν ελπιζω δε χρονον τινα επιμειναι προς υμας εαν ο κυριος επιτρεπη 	For I will not see you now by the way; but I trust to tarry a while with you, if the Lord permit.
1Cor	16	8			permanebo autem Ephesi usque ad pentecosten	Permanebo autem Ephesi usque ad Pentecosten.	επιμενω δε εν εφεσω εως της πεντηκοστης 	But I will tarry at Ephesus until Pentecost.
1Cor	16	9			ostium enim mihi apertum est magnum et evidens et adversarii multi	Ostium enim mihi apertum est magnum, et evidens: et adversarii multi.	θυρα γαρ μοι ανεωγεν μεγαλη και ενεργης και αντικειμενοι πολλοι 	For a great door and effectual is opened unto me, and there are many adversaries.
1Cor	16	10			si autem venerit Timotheus videte ut sine timore sit apud vos opus enim Domini operatur sicut et ego	Si autem venerit Timotheus, videte ut sine timore sit apud vos: opus enim Domini operatur, sicut et ego.	εαν δε ελθη τιμοθεος βλεπετε ινα αφοβως γενηται προς υμας το γαρ εργον κυριου εργαζεται ως και εγω 	Now if Timotheus come, see that he may be with you without fear: for he worketh the work of the Lord, as I also do.
1Cor	16	11			ne quis ergo illum spernat deducite autem illum in pace ut veniat ad me expecto enim illum cum fratribus	Ne quis ergo illum spernat: deducite autem illum in pace, ut veniat ad me: exspecto enim illum cum fratribus.	μη τις ουν αυτον εξουθενηση προπεμψατε δε αυτον εν ειρηνη ινα ελθη προς με εκδεχομαι γαρ αυτον μετα των αδελφων 	Let no man therefore despise him: but conduct him forth in peace, that he may come unto me: for I look for him with the brethren.
1Cor	16	12			de Apollo autem fratre multum rogavi eum ut veniret ad vos cum fratribus et utique non fuit voluntas ut nunc veniret veniet autem cum ei vacuum fuerit	De Apollo autem fratre vobis notum facio, quoniam multum rogavi eum ut veniret ad vos cum fratribus: et utique non fuit voluntas ut nunc veniret: veniet autem, cum ei vacuum fuerit.	περι δε απολλω του αδελφου πολλα παρεκαλεσα αυτον ινα ελθη προς υμας μετα των αδελφων και παντως ουκ ην θελημα ινα νυν ελθη ελευσεται δε οταν ευκαιρηση 	As touching our brother Apollos, I greatly desired him to come unto you with the brethren: but his will was not at all to come at this time; but he will come when he shall have convenient time.
1Cor	16	13			vigilate state in fide viriliter agite et confortamini	Vigilate, state in fide, viriliter agite, et confortamini.	γρηγορειτε στηκετε εν τη πιστει ανδριζεσθε κραταιουσθε 	Watch ye, stand fast in the faith, quit you like men, be strong.
1Cor	16	14			omnia vestra in caritate fiant	Omnia vestra in caritate fiant.	παντα υμων εν αγαπη γινεσθω 	Let all your things be done with charity.
1Cor	16	15			obsecro autem vos fratres nostis domum Stephanae et Fortunati quoniam sunt primitiae Achaiae et in ministerium sanctorum ordinaverunt se ipsos	Obsecro autem vos fratres, nostis domum Stephan, et Fortunati, et Achaici: quoniam sunt primiti Achai, et in ministerium sanctorum ordinaverunt seipsos:	παρακαλω δε υμας αδελφοι οιδατε την οικιαν στεφανα οτι εστιν απαρχη της αχαιας και εις διακονιαν τοις αγιοις εταξαν εαυτους 	I beseech you, brethren, (ye know the house of Stephanas, that it is the firstfruits of Achaia, and that they have addicted themselves to the ministry of the saints,)
1Cor	16	16			ut et vos subditi sitis eiusmodi et omni cooperanti et laboranti	ut et vos subditi sitis ejusmodi, et omni cooperanti, et laboranti.	ινα και υμεις υποτασσησθε τοις τοιουτοις και παντι τω συνεργουντι και κοπιωντι 	That ye submit yourselves unto such, and to every one that helpeth with us, and laboureth.
1Cor	16	17			gaudeo autem in praesentia Stephanae et Fortunati et Achaici quoniam id quod vobis deerat ipsi suppleverunt	Gaudeo autem in prsentia Stephan, et Fortunati, et Achaici: quoniam id, quod vobis deerat, ipsi suppleverunt:	χαιρω δε επι τη παρουσια στεφανα και φουρτουνατου και αχαικου οτι το υμων υστερημα ουτοι ανεπληρωσαν 	I am glad of the coming of Stephanas and Fortunatus and Achaicus: for that which was lacking on your part they have supplied.
1Cor	16	18			refecerunt enim et meum spiritum et vestrum cognoscite ergo qui eiusmodi sunt	refecerunt enim et meum spiritum, et vestrum. Cognoscite ergo qui hujusmodi sunt.	ανεπαυσαν γαρ το εμον πνευμα και το υμων επιγινωσκετε ουν τους τοιουτους 	For they have refreshed my spirit and yours: therefore acknowledge ye them that are such.
1Cor	16	19			salutant vos ecclesiae Asiae salutant vos in Domino multum Aquila et Prisca cum domestica sua ecclesia	Salutant vos ecclesi Asi. Salutant vos in Domino multum, Aquila et Priscilla cum domestica sua ecclesia: apud quos et hospitor.	ασπαζονται υμας αι εκκλησιαι της ασιας ασπαζονται υμας εν κυριω πολλα ακυλας και πρισκιλλα συν τη κατ οικον αυτων εκκλησια 	The churches of Asia salute you. Aquila and Priscilla salute you much in the Lord, with the church that is in their house.
1Cor	16	20			salutant vos fratres omnes salutate invicem in osculo sancto	Salutant vos omnes fratres. Salutate invicem in osculo sancto.	ασπαζονται υμας οι αδελφοι παντες ασπασασθε αλληλους εν φιληματι αγιω 	All the brethren greet you. Greet ye one another with an holy kiss.
1Cor	16	21			salutatio mea manu Pauli	Salutatio, mea manu Pauli.	ο ασπασμος τη εμη χειρι παυλου 	The salutation of me Paul with mine own hand.
1Cor	16	22			si quis non amat Dominum Iesum Christum sit anathema maranatha	Si quis non amat Dominum nostrum Jesum Christum, sit anathema, Maran Atha.	ει τις ου φιλει τον κυριον ιησουν χριστον ητω αναθεμα μαραν αθα 	If any man love not the Lord Jesus Christ, let him be Anathema Maranatha.
1Cor	16	23			gratia Domini Iesu vobiscum	Gratia Domini nostri Jesu Christi vobiscum.	η χαρις του κυριου ιησου χριστου μεθ υμων 	The grace of our Lord Jesus Christ be with you.
1Cor	16	24			caritas mea cum omnibus vobis in Christo Iesu amen	Caritas mea cum omnibus vobis in Christo Jesu. Amen.	η αγαπη μου μετα παντων υμων εν χριστω ιησου αμην [ προς κορινθιους πρωτη εγραφη απο φιλιππων δια στεφανα και φουρτουνατου και αχαικου και τιμοθεου]       	My love be with you all in Christ Jesus. Amen.
